处理了 99 个IFC构件

构件 2:
文件路径: D:\Projects\scan2floorplan\data\raw\BIMNet\obj\train\1px\IFCCOLUMN-IFC#2316-RVT#232342-CurvedFalse-el1.2316_34yYvUt3vBkODS3huAEdbW.obj
IFC类型: IFCCOLUMN
高度范围: (np.float64(-3.2980671e-07), np.float64(2.6799998))
切片交点:
几何体 No.1:
[[-2.3444, 1.5000, -7.5451],
 [-2.3444, 1.5000, -7.0051],
 [-2.1634, 1.5000, -7.2077],
 [-2.1634, 1.5000, -7.0051],
 [-2.0794, 1.5000, -7.2077],
 [-2.0794, 1.5000, -7.0201],
 [-1.8044, 1.5000, -7.5451],
 [-1.8044, 1.5000, -7.0201]]

构件 3:
文件路径: D:\Projects\scan2floorplan\data\raw\BIMNet\obj\train\1px\IFCCOLUMN-IFC#2373-RVT#232670-CurvedFalse-el2.2373_34yYvUt3vBkODS3huAEdue.obj
IFC类型: IFCCOLUMN
高度范围: (np.float64(-1.3020752e-07), np.float64(2.6800001))
切片交点:
几何体 No.1:
[[-0.3548, 1.5000, -2.9788],
 [-0.3548, 1.5000, -2.6488],
 [-0.0048, 1.5000, -2.9788],
 [-0.0048, 1.5000, -2.6488]]

构件 4:
文件路径: D:\Projects\scan2floorplan\data\raw\BIMNet\obj\train\1px\IFCCOLUMN-IFC#2429-RVT#232840-CurvedFalse-el3.2429_34yYvUt3vBkODS3huAEdz~.obj
IFC类型: IFCCOLUMN
高度范围: (np.float64(-1.7257292e-08), np.float64(2.6800001))
切片交点:
几何体 No.1:
[[-0.3788, 1.5000, -0.3948],
 [-0.3788, 1.5000, -0.0648],
 [-0.0288, 1.5000, -0.3948],
 [-0.0288, 1.5000, -0.0648]]

构件 5:
文件路径: D:\Projects\scan2floorplan\data\raw\BIMNet\obj\train\1px\IFCCOLUMN-IFC#2484-RVT#233033-CurvedFalse-el4.2484_34yYvUt3vBkODS3huAEdo^.obj
IFC类型: IFCCOLUMN
高度范围: (np.float64(9.6304895e-08), np.float64(2.6800001))
切片交点:
几何体 No.1:
[[-0.4008, 1.5000, 2.2032],
 [-0.4008, 1.5000, 2.5332],
 [-0.0508, 1.5000, 2.2032],
 [-0.0508, 1.5000, 2.5332]]

构件 6:
文件路径: D:\Projects\scan2floorplan\data\raw\BIMNet\obj\train\1px\IFCCOLUMN-IFC#2564-RVT#234306-CurvedFalse-el5.2564_34yYvUt3vBkODS3huAEc6q.obj
IFC类型: IFCCOLUMN
高度范围: (np.float64(2.1231492e-07), np.float64(2.6800003))
切片交点:
几何体 No.1:
[[-0.4132, 1.5000, 4.8572],
 [-0.4132, 1.5000, 5.3972],
 [-0.4089, 1.5000, 5.0272],
 [-0.4089, 1.5000, 5.3972],
 [-0.0589, 1.5000, 5.2672],
 [-0.0589, 1.5000, 5.3972],
 [-0.0132, 1.5000, 4.8572],
 [-0.0132, 1.5000, 5.0272],
 [-0.0132, 1.5000, 5.2672],
 [-0.0132, 1.5000, 5.3972]]

构件 7:
文件路径: D:\Projects\scan2floorplan\data\raw\BIMNet\obj\train\1px\IFCCOLUMN-IFC#2642-RVT#234464-CurvedFalse-el6.2642_34yYvUt3vBkODS3huAEc4M.obj
IFC类型: IFCCOLUMN
高度范围: (np.float64(3.1445347e-07), np.float64(2.6800003))
切片交点:
几何体 No.1:
[[-0.4392, 1.5000, 7.1939],
 [-0.4392, 1.5000, 7.3839],
 [-0.4089, 1.5000, 7.1939],
 [-0.4089, 1.5000, 7.1972],
 [-0.2542, 1.5000, 7.3839],
 [-0.2542, 1.5000, 7.5439],
 [-0.0589, 1.5000, 7.1939],
 [-0.0589, 1.5000, 7.1972],
 [-0.0392, 1.5000, 7.1939],
 [-0.0392, 1.5000, 7.5439]]

构件 8:
文件路径: D:\Projects\scan2floorplan\data\raw\BIMNet\obj\train\1px\IFCCOLUMN-IFC#6009-RVT#273726-CurvedFalse-el7.6009_2hzYH0z2T6GRsEDliKJQE~.obj
IFC类型: IFCCOLUMN
高度范围: (np.float64(-2.5117879e-07), np.float64(2.6799998))
切片交点:
几何体 No.1:
[[-0.3348, 1.5000, -5.7463],
 [-0.3348, 1.5000, -5.5213],
 [-0.1532, 1.5000, -5.6262],
 [-0.1532, 1.5000, -5.5213],
 [0.0152, 1.5000, -5.7463],
 [0.0152, 1.5000, -5.6262]]

构件 10:
文件路径: D:\Projects\scan2floorplan\data\raw\BIMNet\obj\train\1px\IFCDOOR-IFC#19973-RVT#309239-CurvedFalse-el23.19973_1o8D4YEoL7TehCbWXciYCu.obj
IFC类型: IFCDOOR
高度范围: (np.float64(3.4645015e-07), np.float64(2.4380007))
切片交点:
几何体 No.1:
[[-2.6476, 1.5000, 7.9259],
 [-2.6476, 1.5000, 8.1759],
 [-2.6476, 1.5000, 8.1959],
 [-2.6476, 1.5000, 8.2259],
 [-2.6176, 1.5000, 7.9259],
 [-2.6176, 1.5000, 8.0759],
 [-2.6176, 1.5000, 8.1759],
 [-2.6176, 1.5000, 8.2259],
 [-2.6126, 1.5000, 8.1459],
 [-2.6126, 1.5000, 8.1959],
 [-2.6076, 1.5000, 8.1459],
 [-2.6076, 1.5000, 8.1959],
 [-2.5976, 1.5000, 8.0759],
 [-2.5976, 1.5000, 8.1459],
 [-2.2772, 1.5000, 8.1459],
 [-2.2772, 1.5000, 8.1959],
 [-1.7241, 1.5000, 8.1459],
 [-1.7241, 1.5000, 8.1959],
 [-1.7191, 1.5000, 8.1459],
 [-1.7191, 1.5000, 8.1959],
 [-1.3869, 1.5000, 8.1459],
 [-1.3869, 1.5000, 8.1959],
 [-0.8456, 1.5000, 8.0759],
 [-0.8456, 1.5000, 8.1459],
 [-0.8356, 1.5000, 8.1459],
 [-0.8356, 1.5000, 8.1959],
 [-0.8306, 1.5000, 8.1459],
 [-0.8306, 1.5000, 8.1959],
 [-0.8256, 1.5000, 7.9259],
 [-0.8256, 1.5000, 8.0759],
 [-0.8256, 1.5000, 8.1759],
 [-0.8256, 1.5000, 8.2259],
 [-0.7956, 1.5000, 7.9259],
 [-0.7956, 1.5000, 8.1759],
 [-0.7956, 1.5000, 8.1959],
 [-0.7956, 1.5000, 8.2259]]

构件 11:
文件路径: D:\Projects\scan2floorplan\data\raw\BIMNet\obj\train\1px\IFCDOOR-IFC#5509-RVT#269936-CurvedFalse-el8.5509_2hzYH0z2T6GRsEFkuKJQiV.obj
IFC类型: IFCDOOR
高度范围: (np.float64(2.4564486e-07), np.float64(2.1340003))
切片交点:
几何体 No.1:
[[-0.1099, 1.5000, 5.6197],
 [-0.1099, 1.5000, 6.2697],
 [-0.0589, 1.5000, 5.6197],
 [-0.0589, 1.5000, 6.2697]]
几何体 No.2:
[[-0.4339, 1.5000, 5.5437],
 [-0.4339, 1.5000, 5.5971],
 [-0.4339, 1.5000, 5.6197],
 [-0.4339, 1.5000, 6.2697],
 [-0.4339, 1.5000, 6.3457],
 [-0.4089, 1.5000, 5.5437],
 [-0.4089, 1.5000, 5.5971],
 [-0.4089, 1.5000, 5.6197],
 [-0.4089, 1.5000, 6.2697],
 [-0.4089, 1.5000, 6.3457],
 [-0.0589, 1.5000, 5.5437],
 [-0.0589, 1.5000, 5.6197],
 [-0.0589, 1.5000, 6.2697],
 [-0.0589, 1.5000, 6.2923],
 [-0.0589, 1.5000, 6.3457],
 [-0.0339, 1.5000, 5.5437],
 [-0.0339, 1.5000, 5.6197],
 [-0.0339, 1.5000, 6.2697],
 [-0.0339, 1.5000, 6.2923],
 [-0.0339, 1.5000, 6.3457]]

构件 12:
文件路径: D:\Projects\scan2floorplan\data\raw\BIMNet\obj\train\1px\IFCDOOR-IFC#5614-RVT#271795-CurvedFalse-el9.5614_2hzYH0z2T6GRsEFkuKJQWy.obj
IFC类型: IFCDOOR
高度范围: (np.float64(2.880013e-07), np.float64(2.4000003))
切片交点:
几何体 No.1:
[[-4.2019, 1.5000, 6.5887],
 [-4.2019, 1.5000, 7.2087],
 [-4.1509, 1.5000, 6.5887],
 [-4.1509, 1.5000, 7.2087]]
几何体 No.2:
[[-4.2269, 1.5000, 6.5127],
 [-4.2269, 1.5000, 6.5887],
 [-4.2269, 1.5000, 7.2087],
 [-4.2269, 1.5000, 7.2372],
 [-4.2269, 1.5000, 7.2847],
 [-4.2019, 1.5000, 6.5127],
 [-4.2019, 1.5000, 6.5887],
 [-4.2019, 1.5000, 7.2087],
 [-4.2019, 1.5000, 7.2372],
 [-4.2019, 1.5000, 7.2847],
 [-4.1469, 1.5000, 6.5127],
 [-4.1469, 1.5000, 6.5602],
 [-4.1469, 1.5000, 6.5887],
 [-4.1469, 1.5000, 7.2087],
 [-4.1469, 1.5000, 7.2847],
 [-4.1219, 1.5000, 6.5127],
 [-4.1219, 1.5000, 6.5602],
 [-4.1219, 1.5000, 6.5887],
 [-4.1219, 1.5000, 7.2087],
 [-4.1219, 1.5000, 7.2847]]

构件 13:
文件路径: D:\Projects\scan2floorplan\data\raw\BIMNet\obj\train\1px\IFCDOOR-IFC#5719-RVT#272377-CurvedFalse-el10.5719_2hzYH0z2T6GRsEFkuKJQRO.obj
IFC类型: IFCDOOR
高度范围: (np.float64(3.2577472e-07), np.float64(2.4000003))
切片交点:
几何体 No.1:
[[-3.8993, 1.5000, 7.4529],
 [-3.8993, 1.5000, 7.5039],
 [-3.2793, 1.5000, 7.4529],
 [-3.2793, 1.5000, 7.5039]]
几何体 No.2:
[[-3.9753, 1.5000, 7.3589],
 [-3.9753, 1.5000, 7.3839],
 [-3.9753, 1.5000, 7.5039],
 [-3.9753, 1.5000, 7.5289],
 [-3.9278, 1.5000, 7.3589],
 [-3.9278, 1.5000, 7.3839],
 [-3.8993, 1.5000, 7.3589],
 [-3.8993, 1.5000, 7.3839],
 [-3.8993, 1.5000, 7.5039],
 [-3.8993, 1.5000, 7.5289],
 [-3.2793, 1.5000, 7.3589],
 [-3.2793, 1.5000, 7.3839],
 [-3.2793, 1.5000, 7.5039],
 [-3.2793, 1.5000, 7.5289],
 [-3.2508, 1.5000, 7.5039],
 [-3.2508, 1.5000, 7.5289],
 [-3.2033, 1.5000, 7.3589],
 [-3.2033, 1.5000, 7.3839],
 [-3.2033, 1.5000, 7.5039],
 [-3.2033, 1.5000, 7.5289]]

构件 14:
文件路径: D:\Projects\scan2floorplan\data\raw\BIMNet\obj\train\1px\IFCDOOR-IFC#5823-RVT#272608-CurvedFalse-el11.5823_2hzYH0z2T6GRsEFkuKJQUF.obj
IFC类型: IFCDOOR
高度范围: (np.float64(3.5077761e-07), np.float64(2.4000003))
切片交点:
几何体 No.1:
[[-5.1297, 1.5000, 8.0249],
 [-5.1297, 1.5000, 8.0759],
 [-4.5097, 1.5000, 8.0249],
 [-4.5097, 1.5000, 8.0759]]
几何体 No.2:
[[-5.2057, 1.5000, 7.9409],
 [-5.2057, 1.5000, 7.9659],
 [-5.2057, 1.5000, 8.0759],
 [-5.2057, 1.5000, 8.1009],
 [-5.1582, 1.5000, 7.9409],
 [-5.1582, 1.5000, 7.9659],
 [-5.1297, 1.5000, 7.9409],
 [-5.1297, 1.5000, 7.9659],
 [-5.1297, 1.5000, 8.0759],
 [-5.1297, 1.5000, 8.1009],
 [-4.5097, 1.5000, 7.9409],
 [-4.5097, 1.5000, 7.9659],
 [-4.5097, 1.5000, 8.0759],
 [-4.5097, 1.5000, 8.1009],
 [-4.4812, 1.5000, 8.0759],
 [-4.4812, 1.5000, 8.1009],
 [-4.4337, 1.5000, 7.9409],
 [-4.4337, 1.5000, 7.9659],
 [-4.4337, 1.5000, 8.0759],
 [-4.4337, 1.5000, 8.1009]]

构件 15:
文件路径: D:\Projects\scan2floorplan\data\raw\BIMNet\obj\train\1px\IFCDOOR-IFC#5850-RVT#272682-CurvedFalse-el12.5850_2hzYH0z2T6GRsEFkuKJQUF.obj
IFC类型: IFCDOOR
高度范围: (np.float64(3.5077761e-07), np.float64(2.4000003))
切片交点:
几何体 No.1:
[[-6.8976, 1.5000, 8.0249],
 [-6.8976, 1.5000, 8.0759],
 [-6.2776, 1.5000, 8.0249],
 [-6.2776, 1.5000, 8.0759]]
几何体 No.2:
[[-6.9736, 1.5000, 7.9409],
 [-6.9736, 1.5000, 7.9659],
 [-6.9736, 1.5000, 8.0759],
 [-6.9736, 1.5000, 8.1009],
 [-6.9261, 1.5000, 7.9409],
 [-6.9261, 1.5000, 7.9659],
 [-6.8976, 1.5000, 7.9409],
 [-6.8976, 1.5000, 7.9659],
 [-6.8976, 1.5000, 8.0759],
 [-6.8976, 1.5000, 8.1009],
 [-6.2776, 1.5000, 7.9409],
 [-6.2776, 1.5000, 7.9659],
 [-6.2776, 1.5000, 8.0759],
 [-6.2776, 1.5000, 8.1009],
 [-6.2491, 1.5000, 8.0759],
 [-6.2491, 1.5000, 8.1009],
 [-6.2016, 1.5000, 7.9409],
 [-6.2016, 1.5000, 7.9659],
 [-6.2016, 1.5000, 8.0759],
 [-6.2016, 1.5000, 8.1009]]

构件 16:
文件路径: D:\Projects\scan2floorplan\data\raw\BIMNet\obj\train\1px\IFCDOOR-IFC#5953-RVT#272794-CurvedFalse-el13.5953_2AJ6T3vZDDZRJL7kKpGlCe.obj
IFC类型: IFCDOOR
高度范围: (np.float64(2.7084459e-07), np.float64(2.4000003))
切片交点:
几何体 No.1:
[[-2.9291, 1.5000, 6.1962],
 [-2.9291, 1.5000, 6.2472],
 [-2.3091, 1.5000, 6.1962],
 [-2.3091, 1.5000, 6.2472]]
几何体 No.2:
[[-3.0051, 1.5000, 6.1712],
 [-3.0051, 1.5000, 6.1962],
 [-3.0051, 1.5000, 6.3412],
 [-3.0051, 1.5000, 6.3662],
 [-2.9576, 1.5000, 6.3412],
 [-2.9576, 1.5000, 6.3662],
 [-2.9291, 1.5000, 6.1712],
 [-2.9291, 1.5000, 6.1962],
 [-2.9291, 1.5000, 6.3412],
 [-2.9291, 1.5000, 6.3662],
 [-2.3091, 1.5000, 6.1712],
 [-2.3091, 1.5000, 6.1962],
 [-2.3091, 1.5000, 6.3412],
 [-2.3091, 1.5000, 6.3662],
 [-2.2806, 1.5000, 6.1712],
 [-2.2806, 1.5000, 6.1962],
 [-2.2331, 1.5000, 6.1712],
 [-2.2331, 1.5000, 6.1962],
 [-2.2331, 1.5000, 6.3412],
 [-2.2331, 1.5000, 6.3662]]

构件 17:
文件路径: D:\Projects\scan2floorplan\data\raw\BIMNet\obj\train\1px\IFCDOOR-IFC#6050-RVT#274157-CurvedFalse-el14.6050_2hzYH0z2T6GRsEFkuKJQRO.obj
IFC类型: IFCDOOR
高度范围: (np.float64(2.022613e-07), np.float64(2.4000003))
切片交点:
几何体 No.1:
[[-3.2791, 1.5000, 4.6272],
 [-3.2791, 1.5000, 5.2472],
 [-3.2281, 1.5000, 4.6272],
 [-3.2281, 1.5000, 5.2472]]
几何体 No.2:
[[-3.3041, 1.5000, 4.5512],
 [-3.3041, 1.5000, 4.6272],
 [-3.3041, 1.5000, 5.2472],
 [-3.3041, 1.5000, 5.2757],
 [-3.3041, 1.5000, 5.3232],
 [-3.2791, 1.5000, 4.5512],
 [-3.2791, 1.5000, 4.6272],
 [-3.2791, 1.5000, 5.2472],
 [-3.2791, 1.5000, 5.2757],
 [-3.2791, 1.5000, 5.3232],
 [-3.1591, 1.5000, 4.5512],
 [-3.1591, 1.5000, 4.5987],
 [-3.1591, 1.5000, 4.6272],
 [-3.1591, 1.5000, 5.2472],
 [-3.1591, 1.5000, 5.3232],
 [-3.1341, 1.5000, 4.5512],
 [-3.1341, 1.5000, 4.5987],
 [-3.1341, 1.5000, 4.6272],
 [-3.1341, 1.5000, 5.2472],
 [-3.1341, 1.5000, 5.3232]]

构件 18:
文件路径: D:\Projects\scan2floorplan\data\raw\BIMNet\obj\train\1px\IFCDOOR-IFC#6153-RVT#274865-CurvedFalse-el15.6153_2hzYH0z2T6GRsEFkuKJRpl.obj
IFC类型: IFCDOOR
高度范围: (np.float64(-4.5049728e-07), np.float64(2.2599995))
切片交点:
几何体 No.1:
[[-0.2594, 1.5000, -10.3062],
 [-0.2594, 1.5000, -9.6062],
 [-0.2084, 1.5000, -10.3062],
 [-0.2084, 1.5000, -9.6062]]
几何体 No.2:
[[-0.2844, 1.5000, -10.3822],
 [-0.2844, 1.5000, -10.3062],
 [-0.2844, 1.5000, -9.6062],
 [-0.2844, 1.5000, -9.5806],
 [-0.2844, 1.5000, -9.5302],
 [-0.2594, 1.5000, -10.3822],
 [-0.2594, 1.5000, -10.3062],
 [-0.2594, 1.5000, -9.6062],
 [-0.2594, 1.5000, -9.5806],
 [-0.2594, 1.5000, -9.5302],
 [-0.1394, 1.5000, -10.3822],
 [-0.1394, 1.5000, -10.3062],
 [-0.1394, 1.5000, -9.6062],
 [-0.1394, 1.5000, -9.5806],
 [-0.1394, 1.5000, -9.5302],
 [-0.1144, 1.5000, -10.3822],
 [-0.1144, 1.5000, -10.3062],
 [-0.1144, 1.5000, -9.6062],
 [-0.1144, 1.5000, -9.5806],
 [-0.1144, 1.5000, -9.5302]]

构件 19:
文件路径: D:\Projects\scan2floorplan\data\raw\BIMNet\obj\train\1px\IFCDOOR-IFC#6258-RVT#275329-CurvedFalse-el16.6258_2hzYH0z2T6GRsEFkuKJRg6.obj
IFC类型: IFCDOOR
高度范围: (np.float64(-2.9059933e-07), np.float64(2.3))
切片交点:
几何体 No.1:
[[-0.2594, 1.5000, -6.6481],
 [-0.2594, 1.5000, -5.9281],
 [-0.2084, 1.5000, -6.6481],
 [-0.2084, 1.5000, -5.9281]]
几何体 No.2:
[[-0.2844, 1.5000, -6.7241],
 [-0.2844, 1.5000, -6.6481],
 [-0.2844, 1.5000, -5.9281],
 [-0.2844, 1.5000, -5.9017],
 [-0.2844, 1.5000, -5.8521],
 [-0.2594, 1.5000, -6.7241],
 [-0.2594, 1.5000, -6.6481],
 [-0.2594, 1.5000, -5.9281],
 [-0.2594, 1.5000, -5.9017],
 [-0.2594, 1.5000, -5.8521],
 [-0.1394, 1.5000, -6.7241],
 [-0.1394, 1.5000, -6.6746],
 [-0.1394, 1.5000, -6.6481],
 [-0.1394, 1.5000, -5.9281],
 [-0.1394, 1.5000, -5.8521],
 [-0.1144, 1.5000, -6.7241],
 [-0.1144, 1.5000, -6.6746],
 [-0.1144, 1.5000, -6.6481],
 [-0.1144, 1.5000, -5.9281],
 [-0.1144, 1.5000, -5.8521]]

构件 20:
文件路径: D:\Projects\scan2floorplan\data\raw\BIMNet\obj\train\1px\IFCDOOR-IFC#6363-RVT#275678-CurvedFalse-el17.6363_2hzYH0z2T6GRsEFkuKJRkl.obj
IFC类型: IFCDOOR
高度范围: (np.float64(-1.6459693e-07), np.float64(2.3))
切片交点:
几何体 No.1:
[[-2.1634, 1.5000, -3.7655],
 [-2.1634, 1.5000, -3.0455],
 [-2.1124, 1.5000, -3.7655],
 [-2.1124, 1.5000, -3.0455]]
几何体 No.2:
[[-2.1884, 1.5000, -3.8415],
 [-2.1884, 1.5000, -3.7655],
 [-2.1884, 1.5000, -3.0455],
 [-2.1884, 1.5000, -3.0191],
 [-2.1884, 1.5000, -2.9695],
 [-2.1634, 1.5000, -3.8415],
 [-2.1634, 1.5000, -3.7655],
 [-2.1634, 1.5000, -3.0455],
 [-2.1634, 1.5000, -3.0191],
 [-2.1634, 1.5000, -2.9695],
 [-2.0794, 1.5000, -3.8415],
 [-2.0794, 1.5000, -3.7920],
 [-2.0794, 1.5000, -3.7655],
 [-2.0794, 1.5000, -3.0455],
 [-2.0794, 1.5000, -2.9695],
 [-2.0544, 1.5000, -3.8415],
 [-2.0544, 1.5000, -3.7920],
 [-2.0544, 1.5000, -3.7655],
 [-2.0544, 1.5000, -3.0455],
 [-2.0544, 1.5000, -2.9695]]

构件 21:
文件路径: D:\Projects\scan2floorplan\data\raw\BIMNet\obj\train\1px\IFCDOOR-IFC#6467-RVT#275861-CurvedFalse-el18.6467_2AJ6T3vZDDZRJL7kKpGlCY.obj
IFC类型: IFCDOOR
高度范围: (np.float64(-1.7246498e-07), np.float64(2.3))
切片交点:
几何体 No.1:
[[-4.6248, 1.5000, -3.9455],
 [-4.6248, 1.5000, -3.2255],
 [-4.5738, 1.5000, -3.9455],
 [-4.5738, 1.5000, -3.2255]]
几何体 No.2:
[[-4.6498, 1.5000, -4.0215],
 [-4.6498, 1.5000, -3.9455],
 [-4.6498, 1.5000, -3.2255],
 [-4.6498, 1.5000, -3.1991],
 [-4.6498, 1.5000, -3.1495],
 [-4.6248, 1.5000, -4.0215],
 [-4.6248, 1.5000, -3.9455],
 [-4.6248, 1.5000, -3.2255],
 [-4.6248, 1.5000, -3.1991],
 [-4.6248, 1.5000, -3.1495],
 [-4.4848, 1.5000, -4.0215],
 [-4.4848, 1.5000, -3.9720],
 [-4.4848, 1.5000, -3.9455],
 [-4.4848, 1.5000, -3.2255],
 [-4.4848, 1.5000, -3.1495],
 [-4.4598, 1.5000, -4.0215],
 [-4.4598, 1.5000, -3.9720],
 [-4.4598, 1.5000, -3.9455],
 [-4.4598, 1.5000, -3.2255],
 [-4.4598, 1.5000, -3.1495]]

构件 22:
文件路径: D:\Projects\scan2floorplan\data\raw\BIMNet\obj\train\1px\IFCDOOR-IFC#6632-RVT#277597-CurvedFalse-el19.6632_2AJ6T3vZDDZRJL7kKpGlC6.obj
IFC类型: IFCDOOR
高度范围: (np.float64(-3.0458446e-07), np.float64(2.3))
切片交点:
几何体 No.1:
[[-3.4288, 1.5000, -6.9681],
 [-3.4288, 1.5000, -6.3681],
 [-3.3778, 1.5000, -6.9681],
 [-3.3778, 1.5000, -6.3681]]
几何体 No.2:
[[-3.4538, 1.5000, -7.0441],
 [-3.4538, 1.5000, -6.9681],
 [-3.4538, 1.5000, -6.3681],
 [-3.4538, 1.5000, -6.3416],
 [-3.4538, 1.5000, -6.2921],
 [-3.4288, 1.5000, -7.0441],
 [-3.4288, 1.5000, -6.9681],
 [-3.4288, 1.5000, -6.3681],
 [-3.4288, 1.5000, -6.3416],
 [-3.4288, 1.5000, -6.2921],
 [-3.3448, 1.5000, -7.0441],
 [-3.3448, 1.5000, -6.9945],
 [-3.3448, 1.5000, -6.9681],
 [-3.3448, 1.5000, -6.3681],
 [-3.3448, 1.5000, -6.2921],
 [-3.3198, 1.5000, -7.0441],
 [-3.3198, 1.5000, -6.9945],
 [-3.3198, 1.5000, -6.9681],
 [-3.3198, 1.5000, -6.3681],
 [-3.3198, 1.5000, -6.2921]]

构件 23:
文件路径: D:\Projects\scan2floorplan\data\raw\BIMNet\obj\train\1px\IFCDOOR-IFC#6737-RVT#277828-CurvedFalse-el20.6737_2AJ6T3vZDDZRJL7kKpGlCK.obj
IFC类型: IFCDOOR
高度范围: (np.float64(-2.6505714e-07), np.float64(2.3))
切片交点:
几何体 No.1:
[[-2.9934, 1.5000, -6.0638],
 [-2.9934, 1.5000, -6.0128],
 [-2.3334, 1.5000, -6.0638],
 [-2.3334, 1.5000, -6.0128]]
几何体 No.2:
[[-3.0694, 1.5000, -6.1478],
 [-3.0694, 1.5000, -6.1228],
 [-3.0694, 1.5000, -6.0128],
 [-3.0694, 1.5000, -5.9878],
 [-3.0199, 1.5000, -6.0128],
 [-3.0199, 1.5000, -5.9878],
 [-2.9934, 1.5000, -6.1478],
 [-2.9934, 1.5000, -6.1228],
 [-2.9934, 1.5000, -6.0128],
 [-2.9934, 1.5000, -5.9878],
 [-2.3334, 1.5000, -6.1478],
 [-2.3334, 1.5000, -6.1228],
 [-2.3334, 1.5000, -6.0128],
 [-2.3334, 1.5000, -5.9878],
 [-2.3070, 1.5000, -6.1478],
 [-2.3070, 1.5000, -6.1228],
 [-2.2574, 1.5000, -6.1478],
 [-2.2574, 1.5000, -6.1228],
 [-2.2574, 1.5000, -6.0128],
 [-2.2574, 1.5000, -5.9878]]

构件 24:
文件路径: D:\Projects\scan2floorplan\data\raw\BIMNet\obj\train\1px\IFCDOOR-IFC#6842-RVT#278596-CurvedFalse-el21.6842_2AJ6T3vZDDZRJL7kKpGlCF.obj
IFC类型: IFCDOOR
高度范围: (np.float64(-3.1118486e-07), np.float64(2.3))
切片交点:
几何体 No.1:
[[-3.1244, 1.5000, -7.1191],
 [-3.1244, 1.5000, -7.0681],
 [-2.4044, 1.5000, -7.1191],
 [-2.4044, 1.5000, -7.0681]]
几何体 No.2:
[[-3.2004, 1.5000, -7.1931],
 [-3.2004, 1.5000, -7.1681],
 [-3.2004, 1.5000, -7.0681],
 [-3.2004, 1.5000, -7.0431],
 [-3.1509, 1.5000, -7.0681],
 [-3.1509, 1.5000, -7.0431],
 [-3.1244, 1.5000, -7.1931],
 [-3.1244, 1.5000, -7.1681],
 [-3.1244, 1.5000, -7.0681],
 [-3.1244, 1.5000, -7.0431],
 [-2.4044, 1.5000, -7.1931],
 [-2.4044, 1.5000, -7.1681],
 [-2.4044, 1.5000, -7.0681],
 [-2.4044, 1.5000, -7.0431],
 [-2.3780, 1.5000, -7.1931],
 [-2.3780, 1.5000, -7.1681],
 [-2.3284, 1.5000, -7.1931],
 [-2.3284, 1.5000, -7.1681],
 [-2.3284, 1.5000, -7.0681],
 [-2.3284, 1.5000, -7.0431]]

构件 25:
文件路径: D:\Projects\scan2floorplan\data\raw\BIMNet\obj\train\1px\IFCDOOR-IFC#7084-RVT#281050-CurvedFalse-el22.7084_2AJ6T3vZDDZRJL7kKpGlYM.obj
IFC类型: IFCDOOR
高度范围: (np.float64(-2.4291191e-07), np.float64(2.3))
切片交点:
几何体 No.1:
[[3.7293, 1.5000, -5.5572],
 [3.7293, 1.5000, -5.5062],
 [4.4493, 1.5000, -5.5572],
 [4.4493, 1.5000, -5.5062]]
几何体 No.2:
[[3.6533, 1.5000, -5.6512],
 [3.6533, 1.5000, -5.6262],
 [3.6533, 1.5000, -5.5062],
 [3.6533, 1.5000, -5.4812],
 [3.7028, 1.5000, -5.5062],
 [3.7028, 1.5000, -5.4812],
 [3.7293, 1.5000, -5.6512],
 [3.7293, 1.5000, -5.6262],
 [3.7293, 1.5000, -5.5062],
 [3.7293, 1.5000, -5.4812],
 [4.4493, 1.5000, -5.6512],
 [4.4493, 1.5000, -5.6262],
 [4.4493, 1.5000, -5.5062],
 [4.4493, 1.5000, -5.4812],
 [4.4757, 1.5000, -5.6512],
 [4.4757, 1.5000, -5.6262],
 [4.5253, 1.5000, -5.6512],
 [4.5253, 1.5000, -5.6262],
 [4.5253, 1.5000, -5.5062],
 [4.5253, 1.5000, -5.4812]]

构件 29:
文件路径: D:\Projects\scan2floorplan\data\raw\BIMNet\obj\train\1px\IFCWALLSTANDARDCASE-IFC#1001-RVT#224481-CurvedFalse-el68.1001_2KwUpHYjb0EAZdiYz6^Cul.obj
IFC类型: IFCWALLSTANDARDCASE
高度范围: (np.float64(-3.150752e-07), np.float64(2.6799998))
切片交点:
几何体 No.1:
[[-3.4288, 1.5000, -7.2081],
 [-3.4288, 1.5000, -7.0516],
 [-3.4288, 1.5000, -6.9681],
 [-3.4288, 1.5000, -6.3681],
 [-3.4288, 1.5000, -6.1228],
 [-3.3448, 1.5000, -7.2081],
 [-3.3448, 1.5000, -7.0516],
 [-3.3448, 1.5000, -6.9681],
 [-3.3448, 1.5000, -6.3681],
 [-3.3448, 1.5000, -6.1228]]

构件 30:
文件路径: D:\Projects\scan2floorplan\data\raw\BIMNet\obj\train\1px\IFCWALLSTANDARDCASE-IFC#1045-RVT#224699-CurvedFalse-el69.1045_2KwUpHYjb0EAZdiYz6^CPo.obj
IFC类型: IFCWALLSTANDARDCASE
高度范围: (np.float64(-2.6763612e-07), np.float64(2.6799998))
切片交点:
几何体 No.1:
[[-4.0118, 1.5000, -6.1228],
 [-4.0118, 1.5000, -6.0128],
 [-2.9934, 1.5000, -6.1228],
 [-2.9934, 1.5000, -6.0128],
 [-2.3334, 1.5000, -6.1228],
 [-2.3334, 1.5000, -6.0128],
 [-2.2743, 1.5000, -6.0128],
 [-2.1634, 1.5000, -6.1228],
 [-2.1634, 1.5000, -6.0128]]

构件 31:
文件路径: D:\Projects\scan2floorplan\data\raw\BIMNet\obj\train\1px\IFCWALLSTANDARDCASE-IFC#1089-RVT#224993-CurvedFalse-el70.1089_2KwUpHYjb0EAZdiYz6^CMa.obj
IFC类型: IFCWALLSTANDARDCASE
高度范围: (np.float64(-2.2761346e-07), np.float64(2.6799998))
切片交点:
几何体 No.1:
[[-6.0458, 1.5000, -5.2072],
 [-6.0458, 1.5000, -4.8972],
 [-3.8918, 1.5000, -5.2072],
 [-3.8918, 1.5000, -4.8972]]

构件 32:
文件路径: D:\Projects\scan2floorplan\data\raw\BIMNet\obj\train\1px\IFCWALLSTANDARDCASE-IFC#1161-RVT#225957-CurvedFalse-el71.1161_12EuPCouz3xfcXxGyLWs0N.obj
IFC类型: IFCWALLSTANDARDCASE
高度范围: (np.float64(-2.6282788e-07), np.float64(2.6799998))
切片交点:
几何体 No.1:
[[-4.0118, 1.5000, -6.0128],
 [-4.0118, 1.5000, -5.2072],
 [-3.8918, 1.5000, -5.2072],
 [-3.8918, 1.5000, -5.0022],
 [-3.7718, 1.5000, -6.0128],
 [-3.7718, 1.5000, -5.0022]]

构件 33:
文件路径: D:\Projects\scan2floorplan\data\raw\BIMNet\obj\train\1px\IFCWALLSTANDARDCASE-IFC#1205-RVT#226181-CurvedFalse-el72.1205_2KwUpHYjb0EAZdiYz6^CPo.obj
IFC类型: IFCWALLSTANDARDCASE
高度范围: (np.float64(-3.0685823e-07), np.float64(2.6799998))
切片交点:
几何体 No.1:
[[-2.0794, 1.5000, -7.0201],
 [-2.0794, 1.5000, -6.9101],
 [-0.2594, 1.5000, -7.0201],
 [-0.2594, 1.5000, -6.9101]]

构件 34:
文件路径: D:\Projects\scan2floorplan\data\raw\BIMNet\obj\train\1px\IFCWALLSTANDARDCASE-IFC#1249-RVT#226547-CurvedFalse-el73.1249_2KwUpHYjb0EAZdiYz6^Dzu.obj
IFC类型: IFCWALLSTANDARDCASE
高度范围: (np.float64(-4.9857982e-07), np.float64(2.6799998))
切片交点:
几何体 No.1:
[[-0.2594, 1.5000, -11.4062],
 [-0.2594, 1.5000, -10.3062],
 [-0.2594, 1.5000, -9.6062],
 [-0.2594, 1.5000, -6.6481],
 [-0.2594, 1.5000, -5.9281],
 [-0.2594, 1.5000, -5.7462],
 [-0.1394, 1.5000, -11.4062],
 [-0.1394, 1.5000, -10.3062],
 [-0.1394, 1.5000, -9.6062],
 [-0.1394, 1.5000, -8.6114],
 [-0.1394, 1.5000, -6.6481],
 [-0.1394, 1.5000, -5.9281],
 [-0.1394, 1.5000, -5.7462]]

构件 35:
文件路径: D:\Projects\scan2floorplan\data\raw\BIMNet\obj\train\1px\IFCWALLSTANDARDCASE-IFC#1310-RVT#226692-CurvedFalse-el74.1310_12EuPCouz3xfcXxGyLWs0N.obj
IFC类型: IFCWALLSTANDARDCASE
高度范围: (np.float64(2.4618052e-08), np.float64(2.6800001))
切片交点:
几何体 No.1:
[[-6.3148, 1.5000, 0.5632],
 [-6.3148, 1.5000, 0.8032],
 [-4.5148, 1.5000, 0.5632],
 [-4.5148, 1.5000, 0.8032]]

构件 36:
文件路径: D:\Projects\scan2floorplan\data\raw\BIMNet\obj\train\1px\IFCWALLSTANDARDCASE-IFC#1354-RVT#226940-CurvedFalse-el75.1354_12EuPCouz3xfcXxGyLWs0N.obj
IFC类型: IFCWALLSTANDARDCASE
高度范围: (np.float64(3.5108783e-08), np.float64(2.6800003))
切片交点:
几何体 No.1:
[[-6.3148, 1.5000, 0.8032],
 [-6.3148, 1.5000, 1.9632],
 [-6.3148, 1.5000, 2.7632],
 [-6.3148, 1.5000, 2.9032],
 [-6.3148, 1.5000, 3.7032],
 [-6.3148, 1.5000, 4.4072],
 [-6.0748, 1.5000, 0.8032],
 [-6.0748, 1.5000, 1.9632],
 [-6.0748, 1.5000, 2.7632],
 [-6.0748, 1.5000, 2.8455],
 [-6.0748, 1.5000, 2.9032],
 [-6.0748, 1.5000, 3.7032],
 [-6.0748, 1.5000, 4.4072]]

构件 37:
文件路径: D:\Projects\scan2floorplan\data\raw\BIMNet\obj\train\1px\IFCWALLSTANDARDCASE-IFC#1398-RVT#227118-CurvedFalse-el76.1398_2KwUpHYjb0EAZdiYz6^Csj.obj
IFC类型: IFCWALLSTANDARDCASE
高度范围: (np.float64(1.865252e-07), np.float64(2.6800003))
切片交点:
几何体 No.1:
[[-6.0748, 1.5000, 4.2672],
 [-6.0748, 1.5000, 4.4072],
 [-1.4487, 1.5000, 4.2672],
 [-1.4487, 1.5000, 4.4072]]

构件 38:
文件路径: D:\Projects\scan2floorplan\data\raw\BIMNet\obj\train\1px\IFCWALLSTANDARDCASE-IFC#1442-RVT#227285-CurvedFalse-el77.1442_2KwUpHYjb0EAZdiYz6^CPo.obj
IFC类型: IFCWALLSTANDARDCASE
高度范围: (np.float64(1.926448e-07), np.float64(2.6800003))
切片交点:
几何体 No.1:
[[-1.5587, 1.5000, 4.4072],
 [-1.5587, 1.5000, 6.3412],
 [-1.4487, 1.5000, 4.4072],
 [-1.4487, 1.5000, 6.3412]]

构件 39:
文件路径: D:\Projects\scan2floorplan\data\raw\BIMNet\obj\train\1px\IFCWALLSTANDARDCASE-IFC#1486-RVT#227377-CurvedFalse-el78.1486_2KwUpHYjb0EAZdiYz6^Dzu.obj
IFC类型: IFCWALLSTANDARDCASE
高度范围: (np.float64(1.926448e-07), np.float64(2.6800003))
切片交点:
几何体 No.1:
[[-3.2791, 1.5000, 4.4072],
 [-3.2791, 1.5000, 4.6272],
 [-3.2791, 1.5000, 5.2472],
 [-3.2791, 1.5000, 6.1962],
 [-3.1591, 1.5000, 4.4072],
 [-3.1591, 1.5000, 4.5447],
 [-3.1591, 1.5000, 4.6272],
 [-3.1591, 1.5000, 5.2472],
 [-3.1591, 1.5000, 6.1962]]

构件 40:
文件路径: D:\Projects\scan2floorplan\data\raw\BIMNet\obj\train\1px\IFCWALLSTANDARDCASE-IFC#1530-RVT#227618-CurvedFalse-el79.1530_12EuPCouz3xfcXxGyLWqsb.obj
IFC类型: IFCWALLSTANDARDCASE
高度范围: (np.float64(2.7084459e-07), np.float64(2.6800003))
切片交点:
几何体 No.1:
[[-5.3197, 1.5000, 6.1962],
 [-5.3197, 1.5000, 6.3412],
 [-2.9291, 1.5000, 6.1962],
 [-2.9291, 1.5000, 6.3412],
 [-2.3091, 1.5000, 6.1962],
 [-2.3091, 1.5000, 6.3412],
 [-1.5587, 1.5000, 6.1962],
 [-1.5587, 1.5000, 6.3412]]

构件 41:
文件路径: D:\Projects\scan2floorplan\data\raw\BIMNet\obj\train\1px\IFCWALLSTANDARDCASE-IFC#1574-RVT#228021-CurvedFalse-el80.1574_12EuPCouz3xfcXxGyLWs0N.obj
IFC类型: IFCWALLSTANDARDCASE
高度范围: (np.float64(1.926448e-07), np.float64(2.6800003))
切片交点:
几何体 No.1:
[[-5.3197, 1.5000, 4.4072],
 [-5.3197, 1.5000, 6.1962],
 [-5.0797, 1.5000, 4.4072],
 [-5.0797, 1.5000, 6.1962]]

构件 42:
文件路径: D:\Projects\scan2floorplan\data\raw\BIMNet\obj\train\1px\IFCWALLSTANDARDCASE-IFC#1618-RVT#228157-CurvedFalse-el81.1618_12EuPCouz3xfcXxGyLWs0N.obj
IFC类型: IFCWALLSTANDARDCASE
高度范围: (np.float64(2.7053849e-07), np.float64(2.6800005))
切片交点:
几何体 No.1:
[[-8.2258, 1.5000, 6.1892],
 [-8.2258, 1.5000, 6.2992],
 [-8.2258, 1.5000, 6.8592],
 [-8.2258, 1.5000, 6.9205],
 [-8.2258, 1.5000, 7.0659],
 [-8.2258, 1.5000, 7.7659],
 [-8.2258, 1.5000, 10.2174],
 [-8.2258, 1.5000, 10.7774],
 [-8.2258, 1.5000, 12.0524],
 [-7.9858, 1.5000, 6.1892],
 [-7.9858, 1.5000, 6.2992],
 [-7.9858, 1.5000, 6.8592],
 [-7.9858, 1.5000, 7.0659],
 [-7.9858, 1.5000, 7.7659],
 [-7.9858, 1.5000, 9.4898],
 [-7.9858, 1.5000, 10.2174],
 [-7.9858, 1.5000, 10.7774],
 [-7.9858, 1.5000, 12.0524]]

构件 43:
文件路径: D:\Projects\scan2floorplan\data\raw\BIMNet\obj\train\1px\IFCWALLSTANDARDCASE-IFC#1662-RVT#228404-CurvedFalse-el82.1662_12EuPCouz3xfcXxGyLWs0N.obj
IFC类型: IFCWALLSTANDARDCASE
高度范围: (np.float64(5.1633646e-07), np.float64(2.6800005))
切片交点:
几何体 No.1:
[[-7.9858, 1.5000, 11.8124],
 [-7.9858, 1.5000, 12.0524],
 [-6.5769, 1.5000, 11.8124],
 [-6.5769, 1.5000, 12.0524],
 [-5.6269, 1.5000, 11.8124],
 [-5.6269, 1.5000, 12.0524],
 [-2.5192, 1.5000, 11.8124],
 [-2.5192, 1.5000, 12.0524],
 [-1.8692, 1.5000, 11.8124],
 [-1.8692, 1.5000, 12.0524],
 [0.1608, 1.5000, 11.8124],
 [0.1608, 1.5000, 12.0524],
 [0.8108, 1.5000, 11.8124],
 [0.8108, 1.5000, 12.0524],
 [2.8408, 1.5000, 11.8124],
 [2.8408, 1.5000, 12.0524],
 [3.4908, 1.5000, 11.8124],
 [3.4908, 1.5000, 12.0524],
 [6.7293, 1.5000, 11.8124],
 [6.7293, 1.5000, 12.0524]]

构件 44:
文件路径: D:\Projects\scan2floorplan\data\raw\BIMNet\obj\train\1px\IFCWALLSTANDARDCASE-IFC#1706-RVT#228554-CurvedFalse-el83.1706_12EuPCouz3xfcXxGyLWs0N.obj
IFC类型: IFCWALLSTANDARDCASE
高度范围: (np.float64(2.3015427e-07), np.float64(2.6800003))
切片交点:
几何体 No.1:
[[-8.0427, 1.5000, 5.2653],
 [-8.0427, 1.5000, 6.1892],
 [-7.8027, 1.5000, 5.2653],
 [-7.8027, 1.5000, 6.1892]]

构件 45:
文件路径: D:\Projects\scan2floorplan\data\raw\BIMNet\obj\train\1px\IFCWALLSTANDARDCASE-IFC#1750-RVT#228625-CurvedFalse-el84.1750_12EuPCouz3xfcXxGyLWs0N.obj
IFC类型: IFCWALLSTANDARDCASE
高度范围: (np.float64(2.1966353e-07), np.float64(2.6800003))
切片交点:
几何体 No.1:
[[-8.0427, 1.5000, 5.0253],
 [-8.0427, 1.5000, 5.2653],
 [-5.7876, 1.5000, 5.0253],
 [-5.7876, 1.5000, 5.2653]]

构件 46:
文件路径: D:\Projects\scan2floorplan\data\raw\BIMNet\obj\train\1px\IFCWALLSTANDARDCASE-IFC#1794-RVT#228957-CurvedFalse-el85.1794_2KwUpHYjb0EAZdiYz6^CPo.obj
IFC类型: IFCWALLSTANDARDCASE
高度范围: (np.float64(3.4819863e-07), np.float64(2.6800003))
切片交点:
几何体 No.1:
[[-7.9858, 1.5000, 7.9659],
 [-7.9858, 1.5000, 8.0759],
 [-6.8976, 1.5000, 7.9659],
 [-6.8976, 1.5000, 8.0759],
 [-6.2776, 1.5000, 7.9659],
 [-6.2776, 1.5000, 8.0759],
 [-5.8472, 1.5000, 7.9659],
 [-5.1297, 1.5000, 7.9659],
 [-5.1297, 1.5000, 8.0759],
 [-4.5097, 1.5000, 7.9659],
 [-4.5097, 1.5000, 8.0759],
 [-4.2019, 1.5000, 7.9659],
 [-4.2019, 1.5000, 8.0759]]

构件 47:
文件路径: D:\Projects\scan2floorplan\data\raw\BIMNet\obj\train\1px\IFCWALLSTANDARDCASE-IFC#1838-RVT#229117-CurvedFalse-el86.1838_12EuPCouz3xfcXxGyLWs0N.obj
IFC类型: IFCWALLSTANDARDCASE
高度范围: (np.float64(2.7718275e-07), np.float64(2.6800003))
切片交点:
几何体 No.1:
[[-5.4597, 1.5000, 6.3412],
 [-5.4597, 1.5000, 7.9659],
 [-5.2197, 1.5000, 6.3412],
 [-5.2197, 1.5000, 7.9659]]

构件 48:
文件路径: D:\Projects\scan2floorplan\data\raw\BIMNet\obj\train\1px\IFCWALLSTANDARDCASE-IFC#1882-RVT#229362-CurvedFalse-el87.1882_2KwUpHYjb0EAZdiYz6^DIU.obj
IFC类型: IFCWALLSTANDARDCASE
高度范围: (np.float64(2.7718275e-07), np.float64(2.6800005))
切片交点:
几何体 No.1:
[[-4.2019, 1.5000, 6.3412],
 [-4.2019, 1.5000, 6.5887],
 [-4.2019, 1.5000, 7.2087],
 [-4.2019, 1.5000, 11.8124],
 [-4.1469, 1.5000, 6.3412],
 [-4.1469, 1.5000, 6.5887],
 [-4.1469, 1.5000, 7.2087],
 [-4.1469, 1.5000, 11.8124]]

构件 49:
文件路径: D:\Projects\scan2floorplan\data\raw\BIMNet\obj\train\1px\IFCWALLSTANDARDCASE-IFC#1943-RVT#229882-CurvedFalse-el88.1943_2KwUpHYjb0EAZdiYz6^Csj.obj
IFC类型: IFCWALLSTANDARDCASE
高度范围: (np.float64(3.2275864e-07), np.float64(2.6800005))
切片交点:
几何体 No.1:
[[-0.3942, 1.5000, 7.3839],
 [-0.3942, 1.5000, 8.2159],
 [-0.3942, 1.5000, 8.9159],
 [-0.3942, 1.5000, 9.0175],
 [-0.3942, 1.5000, 10.2224],
 [-0.3942, 1.5000, 10.9224],
 [-0.3942, 1.5000, 11.8124],
 [-0.2542, 1.5000, 7.3839],
 [-0.2542, 1.5000, 8.2159],
 [-0.2542, 1.5000, 8.9159],
 [-0.2542, 1.5000, 10.2224],
 [-0.2542, 1.5000, 10.9224],
 [-0.2542, 1.5000, 11.8124]]

构件 50:
文件路径: D:\Projects\scan2floorplan\data\raw\BIMNet\obj\train\1px\IFCWALLSTANDARDCASE-IFC#196-RVT#218400-CurvedFalse-el53.196_12EuPCouz3xfcXxGyLWs0N.obj
IFC类型: IFCWALLSTANDARDCASE
高度范围: (np.float64(-5.0907056e-07), np.float64(2.6799996))
切片交点:
几何体 No.1:
[[-4.6072, 1.5000, -11.6462],
 [-4.6072, 1.5000, -11.4062],
 [-4.1322, 1.5000, -11.6462],
 [-4.1322, 1.5000, -11.4062],
 [-3.2822, 1.5000, -11.6462],
 [-3.2822, 1.5000, -11.4062],
 [-2.8776, 1.5000, -11.6462],
 [-2.8776, 1.5000, -11.4062],
 [-2.5894, 1.5000, -11.6462],
 [-2.5894, 1.5000, -11.4062],
 [-0.2894, 1.5000, -11.6462],
 [-0.2894, 1.5000, -11.4062],
 [0.1006, 1.5000, -11.6462],
 [0.1006, 1.5000, -11.4062],
 [0.9506, 1.5000, -11.6462],
 [0.9506, 1.5000, -11.4062],
 [2.5049, 1.5000, -11.6462],
 [3.9322, 1.5000, -11.6462],
 [3.9322, 1.5000, -11.4062],
 [4.7822, 1.5000, -11.6462],
 [4.7822, 1.5000, -11.4062],
 [5.0305, 1.5000, -11.6462],
 [5.0305, 1.5000, -11.4062]]

构件 51:
文件路径: D:\Projects\scan2floorplan\data\raw\BIMNet\obj\train\1px\IFCWALLSTANDARDCASE-IFC#1987-RVT#230268-CurvedFalse-el89.1987_2KwUpHYjb0EAZdiYz6^Dzu.obj
IFC类型: IFCWALLSTANDARDCASE
高度范围: (np.float64(3.2275864e-07), np.float64(2.6800003))
切片交点:
几何体 No.1:
[[-4.1469, 1.5000, 7.3839],
 [-4.1469, 1.5000, 7.5039],
 [-3.9921, 1.5000, 7.3839],
 [-3.8993, 1.5000, 7.3839],
 [-3.8993, 1.5000, 7.5039],
 [-3.2793, 1.5000, 7.3839],
 [-3.2793, 1.5000, 7.5039],
 [-2.9716, 1.5000, 7.3839],
 [-2.9716, 1.5000, 7.5039]]

构件 52:
文件路径: D:\Projects\scan2floorplan\data\raw\BIMNet\obj\train\1px\IFCWALLSTANDARDCASE-IFC#2031-RVT#230439-CurvedFalse-el90.2031_2KwUpHYjb0EAZdiYz6^Csj.obj
IFC类型: IFCWALLSTANDARDCASE
高度范围: (np.float64(3.2800401e-07), np.float64(2.6800003))
切片交点:
几何体 No.1:
[[-3.1116, 1.5000, 7.5039],
 [-3.1116, 1.5000, 8.1959],
 [-2.9716, 1.5000, 7.5039],
 [-2.9716, 1.5000, 8.1959]]

构件 53:
文件路径: D:\Projects\scan2floorplan\data\raw\BIMNet\obj\train\1px\IFCWALLSTANDARDCASE-IFC#2075-RVT#230701-CurvedFalse-el91.2075_12EuPCouz3xfcXxGyLWs0N.obj
IFC类型: IFCWALLSTANDARDCASE
高度范围: (np.float64(3.477615e-07), np.float64(2.6800005))
切片交点:
几何体 No.1:
[[-2.9716, 1.5000, 7.9559],
 [-2.9716, 1.5000, 8.1959],
 [-2.6476, 1.5000, 7.9559],
 [-2.6476, 1.5000, 8.1959],
 [-0.7956, 1.5000, 7.9559],
 [-0.7956, 1.5000, 8.1959],
 [-0.3942, 1.5000, 7.9559],
 [-0.3942, 1.5000, 8.1959]]

构件 54:
文件路径: D:\Projects\scan2floorplan\data\raw\BIMNet\obj\train\1px\IFCWALLSTANDARDCASE-IFC#2119-RVT#230821-CurvedFalse-el92.2119_12EuPCouz3xfcXxGyLWs0N.obj
IFC类型: IFCWALLSTANDARDCASE
高度范围: (np.float64(3.2275864e-07), np.float64(2.6800003))
切片交点:
几何体 No.1:
[[-2.9716, 1.5000, 7.3839],
 [-2.9716, 1.5000, 7.6239],
 [-0.3942, 1.5000, 7.3839],
 [-0.3942, 1.5000, 7.6239]]

构件 55:
文件路径: D:\Projects\scan2floorplan\data\raw\BIMNet\obj\train\1px\IFCWALLSTANDARDCASE-IFC#2163-RVT#230987-CurvedFalse-el93.2163_12EuPCouz3xfcXxGyLWs0N.obj
IFC类型: IFCWALLSTANDARDCASE
高度范围: (np.float64(2.3023659e-07), np.float64(2.6800005))
切片交点:
几何体 No.1:
[[6.7293, 1.5000, 5.2672],
 [6.7293, 1.5000, 6.4272],
 [6.7293, 1.5000, 7.3772],
 [6.7293, 1.5000, 8.3566],
 [6.7293, 1.5000, 9.6624],
 [6.7293, 1.5000, 10.6124],
 [6.7293, 1.5000, 12.0524],
 [6.9693, 1.5000, 5.2672],
 [6.9693, 1.5000, 6.4272],
 [6.9693, 1.5000, 7.3772],
 [6.9693, 1.5000, 9.6624],
 [6.9693, 1.5000, 10.6124],
 [6.9693, 1.5000, 12.0524]]

构件 56:
文件路径: D:\Projects\scan2floorplan\data\raw\BIMNet\obj\train\1px\IFCWALLSTANDARDCASE-IFC#2207-RVT#231215-CurvedFalse-el94.2207_12EuPCouz3xfcXxGyLWs0N.obj
IFC类型: IFCWALLSTANDARDCASE
高度范围: (np.float64(2.1974586e-07), np.float64(2.6800003))
切片交点:
几何体 No.1:
[[-0.4089, 1.5000, 5.0272],
 [-0.4089, 1.5000, 5.2672],
 [1.1068, 1.5000, 5.0272],
 [1.1068, 1.5000, 5.2672],
 [2.3068, 1.5000, 5.0272],
 [2.3068, 1.5000, 5.2672],
 [5.5793, 1.5000, 5.0272],
 [5.5793, 1.5000, 5.2672],
 [6.5293, 1.5000, 5.0272],
 [6.5293, 1.5000, 5.2672],
 [6.9693, 1.5000, 5.0272],
 [6.9693, 1.5000, 5.2672]]

构件 57:
文件路径: D:\Projects\scan2floorplan\data\raw\BIMNet\obj\train\1px\IFCWALLSTANDARDCASE-IFC#2251-RVT#231444-CurvedFalse-el95.2251_12EuPCouz3xfcXxGyLWs0N.obj
IFC类型: IFCWALLSTANDARDCASE
高度范围: (np.float64(2.3015427e-07), np.float64(2.6800003))
切片交点:
几何体 No.1:
[[-6.0276, 1.5000, 5.2653],
 [-6.0276, 1.5000, 7.9659],
 [-5.7876, 1.5000, 5.2653],
 [-5.7876, 1.5000, 7.9659]]

构件 58:
文件路径: D:\Projects\scan2floorplan\data\raw\BIMNet\obj\train\1px\IFCWALLSTANDARDCASE-IFC#287-RVT#218810-CurvedFalse-el54.287_12EuPCouz3xfcXxGyLWs0N.obj
IFC类型: IFCWALLSTANDARDCASE
高度范围: (np.float64(-5.0907056e-07), np.float64(2.6799998))
切片交点:
几何体 No.1:
[[5.0305, 1.5000, -11.6462],
 [5.0305, 1.5000, -10.3462],
 [5.0305, 1.5000, -8.5962],
 [5.0305, 1.5000, -8.4162],
 [5.0305, 1.5000, -6.6662],
 [5.0305, 1.5000, -2.8968],
 [5.2705, 1.5000, -11.6462],
 [5.2705, 1.5000, -10.3462],
 [5.2705, 1.5000, -8.5962],
 [5.2705, 1.5000, -8.4162],
 [5.2705, 1.5000, -6.6662],
 [5.2705, 1.5000, -2.8968]]

构件 59:
文件路径: D:\Projects\scan2floorplan\data\raw\BIMNet\obj\train\1px\IFCWALLSTANDARDCASE-IFC#331-RVT#218989-CurvedFalse-el55.331_12EuPCouz3xfcXxGyLWtUW.obj
IFC类型: IFCWALLSTANDARDCASE
高度范围: (np.float64(-2.4592799e-07), np.float64(2.6799998))
切片交点:
几何体 No.1:
[[-0.1532, 1.5000, -5.6262],
 [-0.1532, 1.5000, -5.5062],
 [3.7293, 1.5000, -5.6262],
 [3.7293, 1.5000, -5.5062],
 [4.4493, 1.5000, -5.6262],
 [4.4493, 1.5000, -5.5062],
 [5.0305, 1.5000, -5.6262],
 [5.0305, 1.5000, -5.5062]]

构件 60:
文件路径: D:\Projects\scan2floorplan\data\raw\BIMNet\obj\train\1px\IFCWALLSTANDARDCASE-IFC#392-RVT#219210-CurvedFalse-el56.392_12EuPCouz3xfcXxGyLWs0N.obj
IFC类型: IFCWALLSTANDARDCASE
高度范围: (np.float64(-2.4068262e-07), np.float64(2.6800001))
切片交点:
几何体 No.1:
[[3.0293, 1.5000, -5.5062],
 [3.0293, 1.5000, -2.6568],
 [3.2693, 1.5000, -5.5062],
 [3.2693, 1.5000, -2.6568]]

构件 61:
文件路径: D:\Projects\scan2floorplan\data\raw\BIMNet\obj\train\1px\IFCWALLSTANDARDCASE-IFC#436-RVT#219386-CurvedFalse-el57.436_12EuPCouz3xfcXxGyLWs0N.obj
IFC类型: IFCWALLSTANDARDCASE
高度范围: (np.float64(-1.2662336e-07), np.float64(2.6799998))
切片交点:
几何体 No.1:
[[3.2693, 1.5000, -2.8968],
 [3.2693, 1.5000, -2.6568],
 [5.2705, 1.5000, -2.8968],
 [5.2705, 1.5000, -2.6568]]

构件 62:
文件路径: D:\Projects\scan2floorplan\data\raw\BIMNet\obj\train\1px\IFCWALLSTANDARDCASE-IFC#480-RVT#220014-CurvedFalse-el58.480_12EuPCouz3xfcXxGyLWs0N.obj
IFC类型: IFCWALLSTANDARDCASE
高度范围: (np.float64(-5.0907056e-07), np.float64(2.6799998))
切片交点:
几何体 No.1:
[[-4.8472, 1.5000, -11.6462],
 [-4.8472, 1.5000, -11.0462],
 [-4.8472, 1.5000, -10.2462],
 [-4.8472, 1.5000, -9.6460],
 [-4.8472, 1.5000, -9.1906],
 [-4.8472, 1.5000, -8.1906],
 [-4.8472, 1.5000, -7.3531],
 [-4.6072, 1.5000, -11.6462],
 [-4.6072, 1.5000, -11.0462],
 [-4.6072, 1.5000, -10.2462],
 [-4.6072, 1.5000, -9.6460],
 [-4.6072, 1.5000, -9.1906],
 [-4.6072, 1.5000, -8.1906],
 [-4.6072, 1.5000, -7.3531]]

构件 63:
文件路径: D:\Projects\scan2floorplan\data\raw\BIMNet\obj\train\1px\IFCWALLSTANDARDCASE-IFC#5189-RVT#267346-CurvedFalse-el96.5189_2lo7UQjNT7gxOHhbM3JbdC.obj
IFC类型: IFCWALLSTANDARDCASE
高度范围: (np.float64(2.3023659e-07), np.float64(2.6800003))
切片交点:
几何体 No.1:
[[-0.4089, 1.5000, 5.2672],
 [-0.4089, 1.5000, 5.6197],
 [-0.4089, 1.5000, 6.2697],
 [-0.4089, 1.5000, 7.1972],
 [-0.0589, 1.5000, 5.2672],
 [-0.0589, 1.5000, 5.5150],
 [-0.0589, 1.5000, 5.6197],
 [-0.0589, 1.5000, 6.2697],
 [-0.0589, 1.5000, 7.1972]]

构件 64:
文件路径: D:\Projects\scan2floorplan\data\raw\BIMNet\obj\train\1px\IFCWALLSTANDARDCASE-IFC#524-RVT#220869-CurvedFalse-el59.524_12EuPCouz3xfcXxGyLWs0N.obj
IFC类型: IFCWALLSTANDARDCASE
高度范围: (np.float64(-3.150752e-07), np.float64(2.6799998))
切片交点:
几何体 No.1:
[[-6.2858, 1.5000, -7.2081],
 [-6.2858, 1.5000, -6.2922],
 [-6.2858, 1.5000, -5.6922],
 [-6.2858, 1.5000, -5.4124],
 [-6.2858, 1.5000, -4.5772],
 [-6.2858, 1.5000, -4.0172],
 [-6.2858, 1.5000, -2.7806],
 [-6.0458, 1.5000, -7.2081],
 [-6.0458, 1.5000, -6.2922],
 [-6.0458, 1.5000, -5.6922],
 [-6.0458, 1.5000, -4.5772],
 [-6.0458, 1.5000, -4.0172],
 [-6.0458, 1.5000, -2.7806]]

构件 65:
文件路径: D:\Projects\scan2floorplan\data\raw\BIMNet\obj\train\1px\IFCWALLSTANDARDCASE-IFC#568-RVT#221218-CurvedFalse-el60.568_2KwUpHYjb0EAZdiYz6^Cul.obj
IFC类型: IFCWALLSTANDARDCASE
高度范围: (np.float64(-1.2438245e-07), np.float64(2.6799998))
切片交点:
几何体 No.1:
[[-4.5548, 1.5000, -2.8455],
 [-4.5548, 1.5000, -2.7615],
 [-2.0794, 1.5000, -2.8455],
 [-2.0794, 1.5000, -2.7615]]

构件 66:
文件路径: D:\Projects\scan2floorplan\data\raw\BIMNet\obj\train\1px\IFCWALLSTANDARDCASE-IFC#629-RVT#221435-CurvedFalse-el61.629_12EuPCouz3xfcXxGyLWqsb.obj
IFC类型: IFCWALLSTANDARDCASE
高度范围: (np.float64(-3.2141335e-07), np.float64(2.6799998))
切片交点:
几何体 No.1:
[[-6.2858, 1.5000, -7.3531],
 [-6.2858, 1.5000, -7.2081],
 [-3.2658, 1.5000, -7.3531],
 [-3.2658, 1.5000, -7.2081]]

构件 67:
文件路径: D:\Projects\scan2floorplan\data\raw\BIMNet\obj\train\1px\IFCWALLSTANDARDCASE-IFC#6508-RVT#276420-CurvedFalse-el97.6508_2AJ6T3vZDDZRJL7l0pGef1.obj
IFC类型: IFCWALLSTANDARDCASE
高度范围: (np.float64(-3.1332672e-07), np.float64(2.6799998))
切片交点:
几何体 No.1:
[[-3.3448, 1.5000, -7.1681],
 [-3.3448, 1.5000, -7.0681],
 [-3.1244, 1.5000, -7.1681],
 [-3.1244, 1.5000, -7.0681],
 [-2.4044, 1.5000, -7.1681],
 [-2.4044, 1.5000, -7.0681],
 [-2.3836, 1.5000, -7.1681],
 [-2.3836, 1.5000, -7.0681],
 [-2.3444, 1.5000, -7.1681],
 [-2.3444, 1.5000, -7.0681]]

构件 68:
文件路径: D:\Projects\scan2floorplan\data\raw\BIMNet\obj\train\1px\IFCWALLSTANDARDCASE-IFC#690-RVT#222376-CurvedFalse-el62.690_12EuPCouz3xfcXxGyLWs0N.obj
IFC类型: IFCWALLSTANDARDCASE
高度范围: (np.float64(-1.3203375e-07), np.float64(2.6799998))
切片交点:
几何体 No.1:
[[-6.0458, 1.5000, -3.0206],
 [-6.0458, 1.5000, -2.7806],
 [-4.5548, 1.5000, -3.0206],
 [-4.5548, 1.5000, -2.7806]]

构件 69:
文件路径: D:\Projects\scan2floorplan\data\raw\BIMNet\obj\train\1px\IFCWALLSTANDARDCASE-IFC#747-RVT#222679-CurvedFalse-el63.747_2KwUpHYjb0EAZdiYz6^Csj.obj
IFC类型: IFCWALLSTANDARDCASE
高度范围: (np.float64(-2.1406295e-07), np.float64(2.6799998))
切片交点:
几何体 No.1:
[[-4.6248, 1.5000, -4.8972],
 [-4.6248, 1.5000, -4.6455],
 [-4.6248, 1.5000, -4.0455],
 [-4.6248, 1.5000, -3.9455],
 [-4.6248, 1.5000, -3.2255],
 [-4.6248, 1.5000, -3.0206],
 [-4.5548, 1.5000, -3.0206],
 [-4.5548, 1.5000, -2.8455],
 [-4.4848, 1.5000, -4.8972],
 [-4.4848, 1.5000, -4.6455],
 [-4.4848, 1.5000, -4.0455],
 [-4.4848, 1.5000, -4.0138],
 [-4.4848, 1.5000, -3.9455],
 [-4.4848, 1.5000, -3.2255],
 [-4.4848, 1.5000, -2.8455]]

构件 70:
文件路径: D:\Projects\scan2floorplan\data\raw\BIMNet\obj\train\1px\IFCWALLSTANDARDCASE-IFC#808-RVT#223035-CurvedFalse-el64.808_2KwUpHYjb0EAZdiYz6^Cul.obj
IFC类型: IFCWALLSTANDARDCASE
高度范围: (np.float64(-2.1384366e-07), np.float64(2.6799998))
切片交点:
几何体 No.1:
[[-2.1634, 1.5000, -4.8922],
 [-2.1634, 1.5000, -3.7655],
 [-2.1634, 1.5000, -3.0455],
 [-2.1634, 1.5000, -2.9760],
 [-2.1634, 1.5000, -2.8455],
 [-2.0794, 1.5000, -4.8922],
 [-2.0794, 1.5000, -3.7655],
 [-2.0794, 1.5000, -3.0455],
 [-2.0794, 1.5000, -2.8455]]

构件 71:
文件路径: D:\Projects\scan2floorplan\data\raw\BIMNet\obj\train\1px\IFCWALLSTANDARDCASE-IFC#852-RVT#223270-CurvedFalse-el65.852_12EuPCouz3xfcXxGyLWs0N.obj
IFC类型: IFCWALLSTANDARDCASE
高度范围: (np.float64(-2.083362e-07), np.float64(2.6799998))
切片交点:
几何体 No.1:
[[-4.4848, 1.5000, -4.7662],
 [-4.4848, 1.5000, -4.5262],
 [-2.1634, 1.5000, -4.7662],
 [-2.1634, 1.5000, -4.5262]]

构件 72:
文件路径: D:\Projects\scan2floorplan\data\raw\BIMNet\obj\train\1px\IFCWALLSTANDARDCASE-IFC#896-RVT#223519-CurvedFalse-el66.896_2KwUpHYjb0EAZdiYz6^CPo.obj
IFC类型: IFCWALLSTANDARDCASE
高度范围: (np.float64(-2.1865192e-07), np.float64(2.6799998))
切片交点:
几何体 No.1:
[[-3.8918, 1.5000, -5.0022],
 [-3.8918, 1.5000, -4.8922],
 [-2.0794, 1.5000, -5.0022],
 [-2.0794, 1.5000, -4.8922]]

构件 73:
文件路径: D:\Projects\scan2floorplan\data\raw\BIMNet\obj\train\1px\IFCWALLSTANDARDCASE-IFC#957-RVT#224046-CurvedFalse-el67.957_2KwUpHYjb0EAZdiYz6^Cul.obj
IFC类型: IFCWALLSTANDARDCASE
高度范围: (np.float64(-3.1505925e-07), np.float64(2.6799998))
切片交点:
几何体 No.1:
[[-2.1634, 1.5000, -7.2077],
 [-2.1634, 1.5000, -5.0022],
 [-2.0794, 1.5000, -7.2077],
 [-2.0794, 1.5000, -5.0022]]

构件 74:
文件路径: D:\Projects\scan2floorplan\data\raw\BIMNet\obj\train\1px\IFCWINDOW-IFC#2865-RVT#240105-CurvedFalse-el27.2865_0TrfJ6849Bp9glS2DHCe0w.obj
IFC类型: IFCWINDOW
高度范围: (np.float64(0.84185869), np.float64(2.2918589))
切片交点:
几何体 No.1:
[[5.0305, 1.5000, -10.3462],
 [5.0305, 1.5000, -10.2962],
 [5.0305, 1.5000, -8.6462],
 [5.0305, 1.5000, -8.5962],
 [5.1905, 1.5000, -10.3323],
 [5.1905, 1.5000, -10.3212],
 [5.1905, 1.5000, -10.2962],
 [5.1905, 1.5000, -9.4962],
 [5.1905, 1.5000, -9.4462],
 [5.1905, 1.5000, -8.6712],
 [5.1905, 1.5000, -8.6496],
 [5.1905, 1.5000, -8.6462],
 [5.1905, 1.5000, -8.6212],
 [5.2205, 1.5000, -10.3212],
 [5.2205, 1.5000, -10.2712],
 [5.2205, 1.5000, -9.4962],
 [5.2205, 1.5000, -9.4462],
 [5.2205, 1.5000, -8.6712],
 [5.2205, 1.5000, -8.6496],
 [5.2205, 1.5000, -8.6212],
 [5.2505, 1.5000, -10.3212],
 [5.2505, 1.5000, -10.2712],
 [5.2505, 1.5000, -9.4962],
 [5.2505, 1.5000, -9.4462],
 [5.2705, 1.5000, -10.3462],
 [5.2705, 1.5000, -10.3212],
 [5.2705, 1.5000, -8.6212],
 [5.2705, 1.5000, -8.5962]]
几何体 No.2:
[[5.2005, 1.5000, -9.4462],
 [5.2005, 1.5000, -8.6712],
 [5.2105, 1.5000, -9.4462],
 [5.2105, 1.5000, -8.6712],
 [5.2305, 1.5000, -10.2712],
 [5.2305, 1.5000, -9.4962],
 [5.2405, 1.5000, -10.2712],
 [5.2405, 1.5000, -9.4962]]

构件 75:
文件路径: D:\Projects\scan2floorplan\data\raw\BIMNet\obj\train\1px\IFCWINDOW-IFC#2899-RVT#241475-CurvedFalse-el28.2899_0TrfJ6849Bp9glS2DHCe0w.obj
IFC类型: IFCWINDOW
高度范围: (np.float64(0.8418588), np.float64(2.2918589))
切片交点:
几何体 No.1:
[[5.0305, 1.5000, -8.4162],
 [5.0305, 1.5000, -8.3662],
 [5.0305, 1.5000, -6.7162],
 [5.0305, 1.5000, -6.6662],
 [5.1905, 1.5000, -8.4023],
 [5.1905, 1.5000, -8.3912],
 [5.1905, 1.5000, -8.3662],
 [5.1905, 1.5000, -7.5662],
 [5.1905, 1.5000, -7.5162],
 [5.1905, 1.5000, -6.7412],
 [5.1905, 1.5000, -6.7196],
 [5.1905, 1.5000, -6.7162],
 [5.1905, 1.5000, -6.6912],
 [5.2205, 1.5000, -8.3912],
 [5.2205, 1.5000, -8.3412],
 [5.2205, 1.5000, -7.5662],
 [5.2205, 1.5000, -7.5162],
 [5.2205, 1.5000, -6.7412],
 [5.2205, 1.5000, -6.7196],
 [5.2205, 1.5000, -6.6912],
 [5.2505, 1.5000, -8.3912],
 [5.2505, 1.5000, -8.3412],
 [5.2505, 1.5000, -7.5662],
 [5.2505, 1.5000, -7.5162],
 [5.2705, 1.5000, -8.4162],
 [5.2705, 1.5000, -8.3912],
 [5.2705, 1.5000, -6.6912],
 [5.2705, 1.5000, -6.6662]]
几何体 No.2:
[[5.2005, 1.5000, -7.5162],
 [5.2005, 1.5000, -6.7412],
 [5.2105, 1.5000, -7.5162],
 [5.2105, 1.5000, -6.7412],
 [5.2305, 1.5000, -8.3412],
 [5.2305, 1.5000, -7.5662],
 [5.2405, 1.5000, -8.3412],
 [5.2405, 1.5000, -7.5662]]

构件 76:
文件路径: D:\Projects\scan2floorplan\data\raw\BIMNet\obj\train\1px\IFCWINDOW-IFC#3081-RVT#241989-CurvedFalse-el29.3081_0TrfJ6849Bp9glS2DHCfVr.obj
IFC类型: IFCWINDOW
高度范围: (np.float64(0.87999958), np.float64(1.9799995))
切片交点:
几何体 No.1:
[[-2.5894, 1.5000, -11.6462],
 [-2.5894, 1.5000, -11.4062],
 [-2.5644, 1.5000, -11.6462],
 [-2.5644, 1.5000, -11.6262],
 [-2.5644, 1.5000, -11.5962],
 [-2.5644, 1.5000, -11.5662],
 [-2.5394, 1.5000, -11.5662],
 [-2.5394, 1.5000, -11.4062],
 [-2.5144, 1.5000, -11.6262],
 [-2.5144, 1.5000, -11.5962],
 [-1.4644, 1.5000, -11.6262],
 [-1.4644, 1.5000, -11.5962],
 [-1.4644, 1.5000, -11.5662],
 [-1.4144, 1.5000, -11.6262],
 [-1.4144, 1.5000, -11.5962],
 [-1.4144, 1.5000, -11.5662],
 [-0.3644, 1.5000, -11.5962],
 [-0.3644, 1.5000, -11.5662],
 [-0.3394, 1.5000, -11.5662],
 [-0.3394, 1.5000, -11.4062],
 [-0.3144, 1.5000, -11.6462],
 [-0.3144, 1.5000, -11.5962],
 [-0.3039, 1.5000, -11.5662],
 [-0.2894, 1.5000, -11.6462],
 [-0.2894, 1.5000, -11.4062]]
几何体 No.2:
[[-2.5144, 1.5000, -11.6162],
 [-2.5144, 1.5000, -11.6062],
 [-1.4644, 1.5000, -11.6162],
 [-1.4644, 1.5000, -11.6062],
 [-1.4144, 1.5000, -11.5862],
 [-1.4144, 1.5000, -11.5762],
 [-0.3644, 1.5000, -11.5862],
 [-0.3644, 1.5000, -11.5762]]

构件 77:
文件路径: D:\Projects\scan2floorplan\data\raw\BIMNet\obj\train\1px\IFCWINDOW-IFC#3241-RVT#246197-CurvedFalse-el30.3241_0TrfJ6849Bp9glS2DHCklg.obj
IFC类型: IFCWINDOW
高度范围: (np.float64(0.82617438), np.float64(2.2261744))
切片交点:
几何体 No.1:
[[-4.1322, 1.5000, -11.6462],
 [-4.1322, 1.5000, -11.4062],
 [-4.1229, 1.5000, -11.4692],
 [-4.1132, 1.5000, -11.4692],
 [-4.1132, 1.5000, -11.4252],
 [-4.1132, 1.5000, -11.4062],
 [-4.1002, 1.5000, -11.6462],
 [-4.1002, 1.5000, -11.4692],
 [-4.0692, 1.5000, -11.4692],
 [-4.0692, 1.5000, -11.4252],
 [-3.3452, 1.5000, -11.4692],
 [-3.3452, 1.5000, -11.4252],
 [-3.3142, 1.5000, -11.6462],
 [-3.3142, 1.5000, -11.4692],
 [-3.3012, 1.5000, -11.4252],
 [-3.3012, 1.5000, -11.4062],
 [-3.2979, 1.5000, -11.4692],
 [-3.2922, 1.5000, -11.4692],
 [-3.2822, 1.5000, -11.6462],
 [-3.2822, 1.5000, -11.4062]]
几何体 No.2:
[[-4.0692, 1.5000, -11.4532],
 [-4.0692, 1.5000, -11.4412],
 [-3.3452, 1.5000, -11.4532],
 [-3.3452, 1.5000, -11.4412]]

构件 78:
文件路径: D:\Projects\scan2floorplan\data\raw\BIMNet\obj\train\1px\IFCWINDOW-IFC#3269-RVT#247490-CurvedFalse-el31.3269_0TrfJ6849Bp9glS2DHCklg.obj
IFC类型: IFCWINDOW
高度范围: (np.float64(0.82625496), np.float64(2.2262549))
切片交点:
几何体 No.1:
[[0.1006, 1.5000, -11.6462],
 [0.1006, 1.5000, -11.4062],
 [0.1098, 1.5000, -11.4692],
 [0.1196, 1.5000, -11.4692],
 [0.1196, 1.5000, -11.4252],
 [0.1196, 1.5000, -11.4062],
 [0.1326, 1.5000, -11.6462],
 [0.1326, 1.5000, -11.4692],
 [0.1636, 1.5000, -11.4692],
 [0.1636, 1.5000, -11.4252],
 [0.8876, 1.5000, -11.4692],
 [0.8876, 1.5000, -11.4252],
 [0.9186, 1.5000, -11.6462],
 [0.9186, 1.5000, -11.4692],
 [0.9316, 1.5000, -11.4252],
 [0.9316, 1.5000, -11.4062],
 [0.9348, 1.5000, -11.4692],
 [0.9406, 1.5000, -11.4692],
 [0.9506, 1.5000, -11.6462],
 [0.9506, 1.5000, -11.4062]]
几何体 No.2:
[[0.1636, 1.5000, -11.4532],
 [0.1636, 1.5000, -11.4412],
 [0.8876, 1.5000, -11.4532],
 [0.8876, 1.5000, -11.4412]]

构件 79:
文件路径: D:\Projects\scan2floorplan\data\raw\BIMNet\obj\train\1px\IFCWINDOW-IFC#3295-RVT#247588-CurvedFalse-el32.3295_0TrfJ6849Bp9glS2DHCklg.obj
IFC类型: IFCWINDOW
高度范围: (np.float64(0.8331098), np.float64(2.23311))
切片交点:
几何体 No.1:
[[3.9322, 1.5000, -11.6462],
 [3.9322, 1.5000, -11.4062],
 [3.9414, 1.5000, -11.4692],
 [3.9512, 1.5000, -11.4692],
 [3.9512, 1.5000, -11.4252],
 [3.9512, 1.5000, -11.4062],
 [3.9642, 1.5000, -11.6462],
 [3.9642, 1.5000, -11.4692],
 [3.9952, 1.5000, -11.4692],
 [3.9952, 1.5000, -11.4252],
 [4.7192, 1.5000, -11.4692],
 [4.7192, 1.5000, -11.4252],
 [4.7502, 1.5000, -11.6462],
 [4.7502, 1.5000, -11.4692],
 [4.7632, 1.5000, -11.4252],
 [4.7632, 1.5000, -11.4062],
 [4.7666, 1.5000, -11.4692],
 [4.7721, 1.5000, -11.4692],
 [4.7822, 1.5000, -11.6462],
 [4.7822, 1.5000, -11.4062]]
几何体 No.2:
[[3.9952, 1.5000, -11.4532],
 [3.9952, 1.5000, -11.4412],
 [4.7192, 1.5000, -11.4532],
 [4.7192, 1.5000, -11.4412]]

构件 80:
文件路径: D:\Projects\scan2floorplan\data\raw\BIMNet\obj\train\1px\IFCWINDOW-IFC#3431-RVT#247729-CurvedFalse-el33.3431_0TrfJ6849Bp9glS2DHCkAa.obj
IFC类型: IFCWINDOW
高度范围: (np.float64(1.1990609), np.float64(2.399061))
切片交点:
几何体 No.1:
[[-6.2858, 1.5000, -6.2922],
 [-6.2858, 1.5000, -6.2602],
 [-6.2858, 1.5000, -5.7242],
 [-6.2858, 1.5000, -5.7004],
 [-6.2858, 1.5000, -5.6922],
 [-6.1088, 1.5000, -6.2777],
 [-6.1088, 1.5000, -6.2602],
 [-6.1088, 1.5000, -6.2292],
 [-6.1088, 1.5000, -5.7552],
 [-6.1088, 1.5000, -5.7242],
 [-6.1088, 1.5000, -5.7112],
 [-6.1088, 1.5000, -5.7004],
 [-6.1088, 1.5000, -5.6970],
 [-6.0648, 1.5000, -6.2732],
 [-6.0648, 1.5000, -6.2292],
 [-6.0648, 1.5000, -5.7552],
 [-6.0648, 1.5000, -5.7112],
 [-6.0458, 1.5000, -6.2922],
 [-6.0458, 1.5000, -6.2732],
 [-6.0458, 1.5000, -5.7112],
 [-6.0458, 1.5000, -5.6922]]
几何体 No.2:
[[-6.0928, 1.5000, -6.2292],
 [-6.0928, 1.5000, -5.7552],
 [-6.0808, 1.5000, -6.2292],
 [-6.0808, 1.5000, -5.7552]]

构件 81:
文件路径: D:\Projects\scan2floorplan\data\raw\BIMNet\obj\train\1px\IFCWINDOW-IFC#3569-RVT#248402-CurvedFalse-el34.3569_0TrfJ6849Bp9glS2DHCk2r.obj
IFC类型: IFCWINDOW
高度范围: (np.float64(0.99738652), np.float64(2.1973865))
切片交点:
几何体 No.1:
[[-4.6248, 1.5000, -4.6455],
 [-4.6248, 1.5000, -4.6135],
 [-4.6248, 1.5000, -4.0775],
 [-4.6248, 1.5000, -4.0593],
 [-4.6248, 1.5000, -4.0455],
 [-4.5478, 1.5000, -4.6343],
 [-4.5478, 1.5000, -4.6135],
 [-4.5478, 1.5000, -4.5825],
 [-4.5478, 1.5000, -4.1085],
 [-4.5478, 1.5000, -4.0775],
 [-4.5478, 1.5000, -4.0645],
 [-4.5478, 1.5000, -4.0593],
 [-4.5478, 1.5000, -4.0536],
 [-4.5038, 1.5000, -4.6265],
 [-4.5038, 1.5000, -4.5825],
 [-4.5038, 1.5000, -4.1085],
 [-4.5038, 1.5000, -4.0645],
 [-4.4848, 1.5000, -4.6455],
 [-4.4848, 1.5000, -4.6265],
 [-4.4848, 1.5000, -4.0645],
 [-4.4848, 1.5000, -4.0455]]
几何体 No.2:
[[-4.5318, 1.5000, -4.5825],
 [-4.5318, 1.5000, -4.1085],
 [-4.5198, 1.5000, -4.5825],
 [-4.5198, 1.5000, -4.1085]]

构件 82:
文件路径: D:\Projects\scan2floorplan\data\raw\BIMNet\obj\train\1px\IFCWINDOW-IFC#3755-RVT#251678-CurvedFalse-el35.3755_0TrfJ6849Bp9glS2DHClrp.obj
IFC类型: IFCWINDOW
高度范围: (np.float64(0.93999958), np.float64(2.1399996))
切片交点:
几何体 No.1:
[[-4.8472, 1.5000, -11.0462],
 [-4.8472, 1.5000, -11.0142],
 [-4.8472, 1.5000, -10.2782],
 [-4.8472, 1.5000, -10.2462],
 [-4.7172, 1.5000, -11.0367],
 [-4.7172, 1.5000, -11.0262],
 [-4.7172, 1.5000, -11.0142],
 [-4.7172, 1.5000, -10.9812],
 [-4.7172, 1.5000, -10.3112],
 [-4.7172, 1.5000, -10.2782],
 [-4.7172, 1.5000, -10.2662],
 [-4.7172, 1.5000, -10.2462],
 [-4.6997, 1.5000, -10.9812],
 [-4.6997, 1.5000, -10.3112],
 [-4.6897, 1.5000, -10.9812],
 [-4.6897, 1.5000, -10.3112],
 [-4.6722, 1.5000, -11.0262],
 [-4.6722, 1.5000, -10.9812],
 [-4.6722, 1.5000, -10.3112],
 [-4.6722, 1.5000, -10.2662],
 [-4.6658, 1.5000, -10.2462],
 [-4.6585, 1.5000, -11.0462],
 [-4.6584, 1.5000, -10.2662],
 [-4.6072, 1.5000, -11.0462],
 [-4.6072, 1.5000, -11.0262],
 [-4.6072, 1.5000, -10.2662],
 [-4.6072, 1.5000, -10.2462]]

构件 83:
文件路径: D:\Projects\scan2floorplan\data\raw\BIMNet\obj\train\1px\IFCWINDOW-IFC#3897-RVT#252203-CurvedFalse-el36.3897_0TrfJ6849Bp9glS2DHClDo.obj
IFC类型: IFCWINDOW
高度范围: (np.float64(1.0749997), np.float64(1.9249997))
切片交点:
几何体 No.1:
[[-4.8472, 1.5000, -9.1906],
 [-4.8472, 1.5000, -9.1586],
 [-4.8472, 1.5000, -8.2226],
 [-4.8472, 1.5000, -8.1906],
 [-4.6702, 1.5000, -9.1906],
 [-4.6702, 1.5000, -9.1740],
 [-4.6702, 1.5000, -9.1586],
 [-4.6702, 1.5000, -9.1276],
 [-4.6702, 1.5000, -8.2536],
 [-4.6702, 1.5000, -8.2226],
 [-4.6702, 1.5000, -8.2072],
 [-4.6702, 1.5000, -8.2003],
 [-4.6262, 1.5000, -9.1716],
 [-4.6262, 1.5000, -9.1276],
 [-4.6262, 1.5000, -8.2536],
 [-4.6262, 1.5000, -8.2096],
 [-4.6072, 1.5000, -9.1906],
 [-4.6072, 1.5000, -9.1716],
 [-4.6072, 1.5000, -8.2096],
 [-4.6072, 1.5000, -8.1906]]
几何体 No.2:
[[-4.6542, 1.5000, -9.1276],
 [-4.6542, 1.5000, -8.2536],
 [-4.6422, 1.5000, -9.1276],
 [-4.6422, 1.5000, -8.2536]]

构件 84:
文件路径: D:\Projects\scan2floorplan\data\raw\BIMNet\obj\train\1px\IFCWINDOW-IFC#4084-RVT#253478-CurvedFalse-el37.4084_0TrfJ6849Bp9glS2DHClK1.obj
IFC类型: IFCWINDOW
高度范围: (np.float64(0.87269795), np.float64(2.3726981))
切片交点:
几何体 No.1:
[[-6.3148, 1.5000, 1.9632],
 [-6.3148, 1.5000, 1.9952],
 [-6.3148, 1.5000, 2.7312],
 [-6.3148, 1.5000, 2.7632],
 [-6.1848, 1.5000, 1.9717],
 [-6.1848, 1.5000, 1.9832],
 [-6.1848, 1.5000, 1.9952],
 [-6.1848, 1.5000, 2.0282],
 [-6.1848, 1.5000, 2.6982],
 [-6.1848, 1.5000, 2.7312],
 [-6.1848, 1.5000, 2.7432],
 [-6.1848, 1.5000, 2.7547],
 [-6.1673, 1.5000, 2.0282],
 [-6.1673, 1.5000, 2.6982],
 [-6.1573, 1.5000, 2.0282],
 [-6.1573, 1.5000, 2.6982],
 [-6.1398, 1.5000, 1.9832],
 [-6.1398, 1.5000, 2.0282],
 [-6.1398, 1.5000, 2.6982],
 [-6.1398, 1.5000, 2.7432],
 [-6.1388, 1.5000, 2.7632],
 [-6.1208, 1.5000, 1.9632],
 [-6.1205, 1.5000, 1.9832],
 [-6.0748, 1.5000, 1.9632],
 [-6.0748, 1.5000, 1.9832],
 [-6.0748, 1.5000, 2.7432],
 [-6.0748, 1.5000, 2.7547],
 [-6.0748, 1.5000, 2.7632]]

构件 85:
文件路径: D:\Projects\scan2floorplan\data\raw\BIMNet\obj\train\1px\IFCWINDOW-IFC#4116-RVT#253606-CurvedFalse-el38.4116_0TrfJ6849Bp9glS2DHClK1.obj
IFC类型: IFCWINDOW
高度范围: (np.float64(0.88851595), np.float64(2.3885159))
切片交点:
几何体 No.1:
[[-6.3148, 1.5000, 2.9032],
 [-6.3148, 1.5000, 2.9352],
 [-6.3148, 1.5000, 3.6712],
 [-6.3148, 1.5000, 3.7032],
 [-6.1848, 1.5000, 2.9115],
 [-6.1848, 1.5000, 2.9232],
 [-6.1848, 1.5000, 2.9352],
 [-6.1848, 1.5000, 2.9682],
 [-6.1848, 1.5000, 3.6382],
 [-6.1848, 1.5000, 3.6712],
 [-6.1848, 1.5000, 3.6832],
 [-6.1848, 1.5000, 3.6949],
 [-6.1673, 1.5000, 2.9682],
 [-6.1673, 1.5000, 3.6382],
 [-6.1573, 1.5000, 2.9682],
 [-6.1573, 1.5000, 3.6382],
 [-6.1399, 1.5000, 3.7032],
 [-6.1398, 1.5000, 2.9232],
 [-6.1398, 1.5000, 2.9682],
 [-6.1398, 1.5000, 3.6382],
 [-6.1398, 1.5000, 3.6832],
 [-6.1196, 1.5000, 2.9032],
 [-6.1193, 1.5000, 2.9232],
 [-6.0748, 1.5000, 2.9032],
 [-6.0748, 1.5000, 2.9232],
 [-6.0748, 1.5000, 3.6832],
 [-6.0748, 1.5000, 3.6949],
 [-6.0748, 1.5000, 3.7032]]

构件 86:
文件路径: D:\Projects\scan2floorplan\data\raw\BIMNet\obj\train\1px\IFCWINDOW-IFC#4305-RVT#254422-CurvedFalse-el39.4305_0TrfJ6849Bp9glS2DHCjaG.obj
IFC类型: IFCWINDOW
高度范围: (np.float64(1.2800006), np.float64(2.2800007))
切片交点:
几何体 No.1:
[[-8.2258, 1.5000, 10.2174],
 [-8.2258, 1.5000, 10.2494],
 [-8.2258, 1.5000, 10.7454],
 [-8.2258, 1.5000, 10.7774],
 [-8.0958, 1.5000, 10.2219],
 [-8.0958, 1.5000, 10.2374],
 [-8.0958, 1.5000, 10.2494],
 [-8.0958, 1.5000, 10.2824],
 [-8.0958, 1.5000, 10.7124],
 [-8.0958, 1.5000, 10.7454],
 [-8.0958, 1.5000, 10.7574],
 [-8.0958, 1.5000, 10.7774],
 [-8.0783, 1.5000, 10.2824],
 [-8.0783, 1.5000, 10.7124],
 [-8.0716, 1.5000, 10.7774],
 [-8.0683, 1.5000, 10.2824],
 [-8.0683, 1.5000, 10.7124],
 [-8.0508, 1.5000, 10.2374],
 [-8.0508, 1.5000, 10.2824],
 [-8.0508, 1.5000, 10.7124],
 [-8.0508, 1.5000, 10.7574],
 [-8.0100, 1.5000, 10.2174],
 [-8.0087, 1.5000, 10.7574],
 [-7.9858, 1.5000, 10.2174],
 [-7.9858, 1.5000, 10.2374],
 [-7.9858, 1.5000, 10.7574],
 [-7.9858, 1.5000, 10.7774]]

构件 87:
文件路径: D:\Projects\scan2floorplan\data\raw\BIMNet\obj\train\1px\IFCWINDOW-IFC#4337-RVT#255042-CurvedFalse-el40.4337_0TrfJ6849Bp9glS2DHCjaG.obj
IFC类型: IFCWINDOW
高度范围: (np.float64(1.2800003), np.float64(2.2800002))
切片交点:
几何体 No.1:
[[-8.2258, 1.5000, 6.2992],
 [-8.2258, 1.5000, 6.3312],
 [-8.2258, 1.5000, 6.8272],
 [-8.2258, 1.5000, 6.8592],
 [-8.0958, 1.5000, 6.3037],
 [-8.0958, 1.5000, 6.3192],
 [-8.0958, 1.5000, 6.3312],
 [-8.0958, 1.5000, 6.3642],
 [-8.0958, 1.5000, 6.7942],
 [-8.0958, 1.5000, 6.8272],
 [-8.0958, 1.5000, 6.8392],
 [-8.0958, 1.5000, 6.8592],
 [-8.0783, 1.5000, 6.3642],
 [-8.0783, 1.5000, 6.7942],
 [-8.0716, 1.5000, 6.8592],
 [-8.0683, 1.5000, 6.3642],
 [-8.0683, 1.5000, 6.7942],
 [-8.0508, 1.5000, 6.3192],
 [-8.0508, 1.5000, 6.3642],
 [-8.0508, 1.5000, 6.7942],
 [-8.0508, 1.5000, 6.8392],
 [-8.0100, 1.5000, 6.2992],
 [-8.0087, 1.5000, 6.8392],
 [-7.9858, 1.5000, 6.2992],
 [-7.9858, 1.5000, 6.3192],
 [-7.9858, 1.5000, 6.8392],
 [-7.9858, 1.5000, 6.8592]]

构件 88:
文件路径: D:\Projects\scan2floorplan\data\raw\BIMNet\obj\train\1px\IFCWINDOW-IFC#4477-RVT#255262-CurvedFalse-el41.4477_0TrfJ6849Bp9glS2DHCixf.obj
IFC类型: IFCWINDOW
高度范围: (np.float64(1.0212158), np.float64(2.0212159))
切片交点:
几何体 No.1:
[[-8.2258, 1.5000, 7.0659],
 [-8.2258, 1.5000, 7.0979],
 [-8.2258, 1.5000, 7.7339],
 [-8.2258, 1.5000, 7.7659],
 [-8.0488, 1.5000, 7.0760],
 [-8.0488, 1.5000, 7.0979],
 [-8.0488, 1.5000, 7.1289],
 [-8.0488, 1.5000, 7.7029],
 [-8.0488, 1.5000, 7.7339],
 [-8.0488, 1.5000, 7.7469],
 [-8.0488, 1.5000, 7.7500],
 [-8.0488, 1.5000, 7.7566],
 [-8.0048, 1.5000, 7.0849],
 [-8.0048, 1.5000, 7.1289],
 [-8.0048, 1.5000, 7.7029],
 [-8.0048, 1.5000, 7.7469],
 [-7.9858, 1.5000, 7.0659],
 [-7.9858, 1.5000, 7.0849],
 [-7.9858, 1.5000, 7.7469],
 [-7.9858, 1.5000, 7.7659]]
几何体 No.2:
[[-8.0328, 1.5000, 7.1289],
 [-8.0328, 1.5000, 7.7029],
 [-8.0208, 1.5000, 7.1289],
 [-8.0208, 1.5000, 7.7029]]

构件 89:
文件路径: D:\Projects\scan2floorplan\data\raw\BIMNet\obj\train\1px\IFCWINDOW-IFC#4664-RVT#259072-CurvedFalse-el42.4664_0TrfJ6849Bp9glS2DHCj^1.obj
IFC类型: IFCWINDOW
高度范围: (np.float64(0.94739097), np.float64(2.3473911))
切片交点:
几何体 No.1:
[[0.1608, 1.5000, 11.8124],
 [0.1608, 1.5000, 12.0524],
 [0.1688, 1.5000, 11.9224],
 [0.1808, 1.5000, 11.8124],
 [0.1808, 1.5000, 11.8774],
 [0.1808, 1.5000, 11.9224],
 [0.1928, 1.5000, 11.9224],
 [0.1928, 1.5000, 12.0524],
 [0.2172, 1.5000, 11.8774],
 [0.2258, 1.5000, 11.8774],
 [0.2258, 1.5000, 11.8949],
 [0.2258, 1.5000, 11.9049],
 [0.2258, 1.5000, 11.9224],
 [0.7458, 1.5000, 11.8774],
 [0.7458, 1.5000, 11.8949],
 [0.7458, 1.5000, 11.9049],
 [0.7458, 1.5000, 11.9224],
 [0.7788, 1.5000, 11.9224],
 [0.7788, 1.5000, 12.0524],
 [0.7908, 1.5000, 11.8124],
 [0.7908, 1.5000, 11.8555],
 [0.7908, 1.5000, 11.8774],
 [0.7908, 1.5000, 11.9224],
 [0.8108, 1.5000, 11.8124],
 [0.8108, 1.5000, 11.9224],
 [0.8108, 1.5000, 12.0524]]

构件 90:
文件路径: D:\Projects\scan2floorplan\data\raw\BIMNet\obj\train\1px\IFCWINDOW-IFC#4696-RVT#260062-CurvedFalse-el43.4696_0TrfJ6849Bp9glS2DHCj^1.obj
IFC类型: IFCWINDOW
高度范围: (np.float64(0.94739097), np.float64(2.3473911))
切片交点:
几何体 No.1:
[[2.8408, 1.5000, 11.8124],
 [2.8408, 1.5000, 12.0524],
 [2.8488, 1.5000, 11.9224],
 [2.8608, 1.5000, 11.8124],
 [2.8608, 1.5000, 11.8774],
 [2.8608, 1.5000, 11.9224],
 [2.8728, 1.5000, 11.9224],
 [2.8728, 1.5000, 12.0524],
 [2.8972, 1.5000, 11.8774],
 [2.9058, 1.5000, 11.8774],
 [2.9058, 1.5000, 11.8949],
 [2.9058, 1.5000, 11.9049],
 [2.9058, 1.5000, 11.9224],
 [3.4258, 1.5000, 11.8774],
 [3.4258, 1.5000, 11.8949],
 [3.4258, 1.5000, 11.9049],
 [3.4258, 1.5000, 11.9224],
 [3.4588, 1.5000, 11.9224],
 [3.4588, 1.5000, 12.0524],
 [3.4708, 1.5000, 11.8124],
 [3.4708, 1.5000, 11.8555],
 [3.4708, 1.5000, 11.8774],
 [3.4708, 1.5000, 11.9224],
 [3.4908, 1.5000, 11.8124],
 [3.4908, 1.5000, 11.9224],
 [3.4908, 1.5000, 12.0524]]

构件 91:
文件路径: D:\Projects\scan2floorplan\data\raw\BIMNet\obj\train\1px\IFCWINDOW-IFC#4726-RVT#261051-CurvedFalse-el44.4726_0TrfJ6849Bp9glS2DHCj^1.obj
IFC类型: IFCWINDOW
高度范围: (np.float64(1.027391), np.float64(2.4273911))
切片交点:
几何体 No.1:
[[-2.5192, 1.5000, 11.8124],
 [-2.5192, 1.5000, 12.0524],
 [-2.5124, 1.5000, 11.9224],
 [-2.4992, 1.5000, 11.8124],
 [-2.4992, 1.5000, 11.8774],
 [-2.4992, 1.5000, 11.9224],
 [-2.4872, 1.5000, 11.9224],
 [-2.4872, 1.5000, 12.0524],
 [-2.4682, 1.5000, 11.8774],
 [-2.4542, 1.5000, 11.8774],
 [-2.4542, 1.5000, 11.8949],
 [-2.4542, 1.5000, 11.9049],
 [-2.4542, 1.5000, 11.9224],
 [-1.9342, 1.5000, 11.8774],
 [-1.9342, 1.5000, 11.8949],
 [-1.9342, 1.5000, 11.9049],
 [-1.9342, 1.5000, 11.9224],
 [-1.9012, 1.5000, 11.9224],
 [-1.9012, 1.5000, 12.0524],
 [-1.8892, 1.5000, 11.8124],
 [-1.8892, 1.5000, 11.8490],
 [-1.8892, 1.5000, 11.8774],
 [-1.8892, 1.5000, 11.9224],
 [-1.8692, 1.5000, 11.8124],
 [-1.8692, 1.5000, 11.9224],
 [-1.8692, 1.5000, 12.0524]]

构件 92:
文件路径: D:\Projects\scan2floorplan\data\raw\BIMNet\obj\train\1px\IFCWINDOW-IFC#4915-RVT#262155-CurvedFalse-el45.4915_2lo7UQjNT7gxOHha23Jaoo.obj
IFC类型: IFCWINDOW
高度范围: (np.float64(0.83338821), np.float64(2.2333884))
切片交点:
几何体 No.1:
[[-6.5769, 1.5000, 11.8124],
 [-6.5769, 1.5000, 12.0524],
 [-6.5673, 1.5000, 11.9224],
 [-6.5613, 1.5000, 11.9224],
 [-6.5569, 1.5000, 11.8124],
 [-6.5569, 1.5000, 11.8774],
 [-6.5569, 1.5000, 11.9224],
 [-6.5449, 1.5000, 11.9224],
 [-6.5449, 1.5000, 12.0524],
 [-6.5119, 1.5000, 11.8774],
 [-6.5119, 1.5000, 11.8949],
 [-6.5119, 1.5000, 11.9049],
 [-6.5119, 1.5000, 11.9224],
 [-5.6919, 1.5000, 11.8774],
 [-5.6919, 1.5000, 11.8949],
 [-5.6919, 1.5000, 11.9049],
 [-5.6919, 1.5000, 11.9224],
 [-5.6589, 1.5000, 11.9224],
 [-5.6589, 1.5000, 12.0524],
 [-5.6469, 1.5000, 11.8124],
 [-5.6469, 1.5000, 11.8647],
 [-5.6469, 1.5000, 11.8774],
 [-5.6469, 1.5000, 11.9224],
 [-5.6441, 1.5000, 12.0524],
 [-5.6269, 1.5000, 11.8124],
 [-5.6269, 1.5000, 11.9224],
 [-5.6269, 1.5000, 12.0524]]

构件 93:
文件路径: D:\Projects\scan2floorplan\data\raw\BIMNet\obj\train\1px\IFCWINDOW-IFC#4947-RVT#263685-CurvedFalse-el46.4947_2lo7UQjNT7gxOHha23Jaoo.obj
IFC类型: IFCWINDOW
高度范围: (np.float64(0.90000045), np.float64(2.3000007))
切片交点:
几何体 No.1:
[[6.7293, 1.5000, 9.6624],
 [6.7293, 1.5000, 9.6824],
 [6.7293, 1.5000, 10.5924],
 [6.7293, 1.5000, 10.6124],
 [6.7762, 1.5000, 9.6824],
 [6.7943, 1.5000, 9.6824],
 [6.7943, 1.5000, 9.7274],
 [6.7943, 1.5000, 10.5474],
 [6.7943, 1.5000, 10.5924],
 [6.8118, 1.5000, 9.7274],
 [6.8118, 1.5000, 10.5474],
 [6.8218, 1.5000, 9.7274],
 [6.8218, 1.5000, 10.5474],
 [6.8393, 1.5000, 9.6624],
 [6.8393, 1.5000, 9.6824],
 [6.8393, 1.5000, 9.6944],
 [6.8393, 1.5000, 9.7274],
 [6.8393, 1.5000, 10.5474],
 [6.8393, 1.5000, 10.5804],
 [6.8393, 1.5000, 10.5924],
 [6.8393, 1.5000, 10.5984],
 [6.8393, 1.5000, 10.6037],
 [6.9693, 1.5000, 9.6624],
 [6.9693, 1.5000, 9.6811],
 [6.9693, 1.5000, 9.6944],
 [6.9693, 1.5000, 10.5804],
 [6.9693, 1.5000, 10.6124]]

构件 94:
文件路径: D:\Projects\scan2floorplan\data\raw\BIMNet\obj\train\1px\IFCWINDOW-IFC#4977-RVT#264015-CurvedFalse-el47.4977_2lo7UQjNT7gxOHha23Jaoo.obj
IFC类型: IFCWINDOW
高度范围: (np.float64(0.90000027), np.float64(2.3000004))
切片交点:
几何体 No.1:
[[6.7293, 1.5000, 6.4272],
 [6.7293, 1.5000, 6.4472],
 [6.7293, 1.5000, 7.3572],
 [6.7293, 1.5000, 7.3772],
 [6.7762, 1.5000, 6.4472],
 [6.7943, 1.5000, 6.4472],
 [6.7943, 1.5000, 6.4922],
 [6.7943, 1.5000, 7.3122],
 [6.7943, 1.5000, 7.3572],
 [6.8118, 1.5000, 6.4922],
 [6.8118, 1.5000, 7.3122],
 [6.8218, 1.5000, 6.4922],
 [6.8218, 1.5000, 7.3122],
 [6.8393, 1.5000, 6.4272],
 [6.8393, 1.5000, 6.4472],
 [6.8393, 1.5000, 6.4592],
 [6.8393, 1.5000, 6.4922],
 [6.8393, 1.5000, 7.3122],
 [6.8393, 1.5000, 7.3452],
 [6.8393, 1.5000, 7.3572],
 [6.8393, 1.5000, 7.3632],
 [6.8393, 1.5000, 7.3685],
 [6.9693, 1.5000, 6.4272],
 [6.9693, 1.5000, 6.4459],
 [6.9693, 1.5000, 6.4592],
 [6.9693, 1.5000, 7.3452],
 [6.9693, 1.5000, 7.3772]]

构件 95:
文件路径: D:\Projects\scan2floorplan\data\raw\BIMNet\obj\train\1px\IFCWINDOW-IFC#5007-RVT#265469-CurvedFalse-el48.5007_2lo7UQjNT7gxOHha23Jaoo.obj
IFC类型: IFCWINDOW
高度范围: (np.float64(0.90000027), np.float64(2.3000004))
切片交点:
几何体 No.1:
[[5.5793, 1.5000, 5.0272],
 [5.5793, 1.5000, 5.1572],
 [5.5793, 1.5000, 5.2672],
 [5.5980, 1.5000, 5.0272],
 [5.5993, 1.5000, 5.1572],
 [5.5993, 1.5000, 5.2022],
 [5.5993, 1.5000, 5.2203],
 [5.5993, 1.5000, 5.2672],
 [5.6113, 1.5000, 5.0272],
 [5.6113, 1.5000, 5.1572],
 [5.6443, 1.5000, 5.1572],
 [5.6443, 1.5000, 5.1747],
 [5.6443, 1.5000, 5.1847],
 [5.6443, 1.5000, 5.2022],
 [6.4643, 1.5000, 5.1572],
 [6.4643, 1.5000, 5.1747],
 [6.4643, 1.5000, 5.1847],
 [6.4643, 1.5000, 5.2022],
 [6.4973, 1.5000, 5.0272],
 [6.4973, 1.5000, 5.1572],
 [6.5093, 1.5000, 5.1572],
 [6.5093, 1.5000, 5.2022],
 [6.5093, 1.5000, 5.2672],
 [6.5152, 1.5000, 5.1572],
 [6.5206, 1.5000, 5.1572],
 [6.5293, 1.5000, 5.0272],
 [6.5293, 1.5000, 5.2672]]

构件 96:
文件路径: D:\Projects\scan2floorplan\data\raw\BIMNet\obj\train\1px\IFCWINDOW-IFC#5147-RVT#265917-CurvedFalse-el49.5147_2lo7UQjNT7gxOHha23JaCE.obj
IFC类型: IFCWINDOW
高度范围: (np.float64(1.2423869), np.float64(2.2423868))
切片交点:
几何体 No.1:
[[1.1068, 1.5000, 5.0272],
 [1.1068, 1.5000, 5.2672],
 [1.1118, 1.5000, 5.2042],
 [1.1154, 1.5000, 5.2042],
 [1.1258, 1.5000, 5.2482],
 [1.1258, 1.5000, 5.2672],
 [1.1388, 1.5000, 5.0272],
 [1.1388, 1.5000, 5.2042],
 [1.1698, 1.5000, 5.2042],
 [1.1698, 1.5000, 5.2482],
 [2.2438, 1.5000, 5.2042],
 [2.2438, 1.5000, 5.2482],
 [2.2748, 1.5000, 5.0272],
 [2.2748, 1.5000, 5.2042],
 [2.2878, 1.5000, 5.2482],
 [2.2878, 1.5000, 5.2672],
 [2.3068, 1.5000, 5.0272],
 [2.3068, 1.5000, 5.2042],
 [2.3068, 1.5000, 5.2672]]
几何体 No.2:
[[1.1698, 1.5000, 5.2202],
 [1.1698, 1.5000, 5.2322],
 [2.2438, 1.5000, 5.2202],
 [2.2438, 1.5000, 5.2322]]

构件 97:
文件路径: D:\Projects\scan2floorplan\data\raw\BIMNet\obj\train\1px\IFCWINDOW-IFC#5346-RVT#268582-CurvedFalse-el50.5346_2hzYH0z2T6GRsEFkuKJPVT.obj
IFC类型: IFCWINDOW
高度范围: (np.float64(1.4017594), np.float64(2.4017594))
切片交点:
几何体 No.1:
[[-0.3942, 1.5000, 10.2224],
 [-0.3942, 1.5000, 10.2414],
 [-0.3942, 1.5000, 10.9034],
 [-0.3942, 1.5000, 10.9224],
 [-0.3752, 1.5000, 10.2414],
 [-0.3752, 1.5000, 10.2854],
 [-0.3752, 1.5000, 10.8594],
 [-0.3752, 1.5000, 10.9034],
 [-0.3312, 1.5000, 10.2243],
 [-0.3312, 1.5000, 10.2256],
 [-0.3312, 1.5000, 10.2414],
 [-0.3312, 1.5000, 10.2544],
 [-0.3312, 1.5000, 10.2854],
 [-0.3312, 1.5000, 10.8594],
 [-0.3312, 1.5000, 10.8904],
 [-0.3312, 1.5000, 10.9049],
 [-0.2542, 1.5000, 10.2224],
 [-0.2542, 1.5000, 10.2544],
 [-0.2542, 1.5000, 10.8904],
 [-0.2542, 1.5000, 10.9224]]
几何体 No.2:
[[-0.3592, 1.5000, 10.2854],
 [-0.3592, 1.5000, 10.8594],
 [-0.3472, 1.5000, 10.2854],
 [-0.3472, 1.5000, 10.8594]]

构件 98:
文件路径: D:\Projects\scan2floorplan\data\raw\BIMNet\obj\train\1px\IFCWINDOW-IFC#5374-RVT#269582-CurvedFalse-el51.5374_2hzYH0z2T6GRsEFkuKJPVT.obj
IFC类型: IFCWINDOW
高度范围: (np.float64(1.4239004), np.float64(2.4239004))
切片交点:
几何体 No.1:
[[-0.3942, 1.5000, 8.2159],
 [-0.3942, 1.5000, 8.2349],
 [-0.3942, 1.5000, 8.8969],
 [-0.3942, 1.5000, 8.9159],
 [-0.3752, 1.5000, 8.2349],
 [-0.3752, 1.5000, 8.2789],
 [-0.3752, 1.5000, 8.8529],
 [-0.3752, 1.5000, 8.8969],
 [-0.3312, 1.5000, 8.2173],
 [-0.3312, 1.5000, 8.2184],
 [-0.3312, 1.5000, 8.2349],
 [-0.3312, 1.5000, 8.2479],
 [-0.3312, 1.5000, 8.2789],
 [-0.3312, 1.5000, 8.8529],
 [-0.3312, 1.5000, 8.8839],
 [-0.3312, 1.5000, 8.8980],
 [-0.2542, 1.5000, 8.2159],
 [-0.2542, 1.5000, 8.2479],
 [-0.2542, 1.5000, 8.8839],
 [-0.2542, 1.5000, 8.9159]]
几何体 No.2:
[[-0.3592, 1.5000, 8.2789],
 [-0.3592, 1.5000, 8.8529],
 [-0.3472, 1.5000, 8.2789],
 [-0.3472, 1.5000, 8.8529]]

构件 99:
文件路径: D:\Projects\scan2floorplan\data\raw\BIMNet\obj\train\1px\IFCWINDOW-IFC#6979-RVT#278986-CurvedFalse-el52.6979_2AJ6T3vZDDZRJL7kKpGl5z.obj
IFC类型: IFCWINDOW
高度范围: (np.float64(1.1981581), np.float64(2.3981581))
切片交点:
几何体 No.1:
[[-6.2858, 1.5000, -4.5772],
 [-6.2858, 1.5000, -4.5452],
 [-6.2858, 1.5000, -4.0492],
 [-6.2858, 1.5000, -4.0172],
 [-6.1088, 1.5000, -4.5627],
 [-6.1088, 1.5000, -4.5452],
 [-6.1088, 1.5000, -4.5142],
 [-6.1088, 1.5000, -4.0802],
 [-6.1088, 1.5000, -4.0492],
 [-6.1088, 1.5000, -4.0362],
 [-6.1088, 1.5000, -4.0255],
 [-6.1088, 1.5000, -4.0220],
 [-6.0648, 1.5000, -4.5582],
 [-6.0648, 1.5000, -4.5142],
 [-6.0648, 1.5000, -4.0802],
 [-6.0648, 1.5000, -4.0362],
 [-6.0458, 1.5000, -4.5772],
 [-6.0458, 1.5000, -4.5582],
 [-6.0458, 1.5000, -4.0362],
 [-6.0458, 1.5000, -4.0172]]
几何体 No.2:
[[-6.0928, 1.5000, -4.5142],
 [-6.0928, 1.5000, -4.0802],
 [-6.0808, 1.5000, -4.5142],
 [-6.0808, 1.5000, -4.0802]]


共有 94 个构件在高度 1.5 处有切片交点