处理了 99 个IFC构件

构件 1:
文件路径: /home/zt/project/scan2floorplan/data/raw/BIMNet/obj/train/1px/IFCDOOR-IFC#6258-RVT#275329-CurvedFalse-el16.6258_2hzYH0z2T6GRsEFkuKJRg6.obj
IFC类型: IFCDOOR
高度范围: (np.float64(-2.9392137e-07), np.float64(2.3759999))
切片交点:
[[-0.28443214  2.3        -6.7241373 ]
 [-0.28443214  2.3        -6.6481376 ]
 [-0.28443214  2.3        -5.9281373 ]
 [-0.28443214  2.3        -5.85213758]
 [-0.25943214  2.3        -6.7241373 ]
 [-0.25943214  2.3        -6.6481376 ]
 [-0.25943214  2.3        -5.9281373 ]
 [-0.25943214  2.3        -5.85213758]
 [-0.20843214  2.3        -6.6481376 ]
 [-0.20843214  2.3        -5.9281373 ]
 [-0.13943213  2.3        -6.7241373 ]
 [-0.13943213  2.3        -6.6481376 ]
 [-0.13943213  2.3        -5.9281373 ]
 [-0.13943213  2.3        -5.85213758]
 [-0.11443213  2.3        -6.7241373 ]
 [-0.11443213  2.3        -6.6481376 ]
 [-0.11443213  2.3        -5.9281373 ]
 [-0.11443213  2.3        -5.85213758]]

构件 4:
文件路径: /home/zt/project/scan2floorplan/data/raw/BIMNet/obj/train/1px/IFCCOLUMN-IFC#2429-RVT#232840-CurvedFalse-el3.2429_34yYvUt3vBkODS3huAEdz~.obj
IFC类型: IFCCOLUMN
高度范围: (np.float64(-1.7257292e-08), np.float64(2.6800001))
切片交点:
[[-0.37882099  2.3        -0.39480094]
 [-0.37882099  2.3        -0.06480092]
 [-0.02882095  2.3        -0.39480094]
 [-0.02882095  2.3        -0.06480092]]

构件 5:
文件路径: /home/zt/project/scan2floorplan/data/raw/BIMNet/obj/train/1px/IFCDOOR-IFC#5614-RVT#271795-CurvedFalse-el9.5614_2hzYH0z2T6GRsEFkuKJQWy.obj
IFC类型: IFCDOOR
高度范围: (np.float64(2.8467923e-07), np.float64(2.4760003))
切片交点:
[[-4.2269287   2.3         6.5127025 ]
 [-4.2269287   2.3         6.58870222]
 [-4.2269287   2.3         7.2087026 ]
 [-4.2269287   2.3         7.21186928]
 [-4.2269287   2.3         7.28470234]
 [-4.2019286   2.3         6.5127025 ]
 [-4.2019286   2.3         7.21186928]
 [-4.2019286   2.3         7.28470234]
 [-4.150929    2.3         6.58870222]
 [-4.150929    2.3         7.2087026 ]
 [-4.1469288   2.3         6.5127025 ]
 [-4.1469288   2.3         6.58553554]
 [-4.1469288   2.3         6.58870222]
 [-4.1469288   2.3         7.2087026 ]
 [-4.1469288   2.3         7.28470234]
 [-4.1219287   2.3         6.5127025 ]
 [-4.1219287   2.3         6.58553554]
 [-4.1219287   2.3         6.58870222]
 [-4.1219287   2.3         7.2087026 ]
 [-4.1219287   2.3         7.28470234]]

构件 6:
文件路径: /home/zt/project/scan2floorplan/data/raw/BIMNet/obj/train/1px/IFCWINDOW-IFC#5374-RVT#269582-CurvedFalse-el51.5374_2hzYH0z2T6GRsEFkuKJPVT.obj
IFC类型: IFCWINDOW
高度范围: (np.float64(1.4239004), np.float64(2.4239004))
切片交点:
[[-0.39421713  2.3         8.2158566 ]
 [-0.39421713  2.3         8.2348566 ]
 [-0.39421713  2.3         8.8968563 ]
 [-0.39421713  2.3         8.9158564 ]
 [-0.37521714  2.3         8.2348566 ]
 [-0.37521714  2.3         8.2788563 ]
 [-0.37521714  2.3         8.8528566 ]
 [-0.37521714  2.3         8.8968563 ]
 [-0.35921711  2.3         8.2788563 ]
 [-0.35921711  2.3         8.8528566 ]
 [-0.34721711  2.3         8.2788563 ]
 [-0.34721711  2.3         8.8528566 ]
 [-0.33121711  2.3         8.23282489]
 [-0.33121711  2.3         8.2348566 ]
 [-0.33121711  2.3         8.24481811]
 [-0.33121711  2.3         8.2478561 ]
 [-0.33121711  2.3         8.2788563 ]
 [-0.33121711  2.3         8.8528566 ]
 [-0.33121711  2.3         8.8838568 ]
 [-0.33121711  2.3         8.91345669]
 [-0.25421712  2.3         8.2158566 ]
 [-0.25421712  2.3         8.2478561 ]
 [-0.25421712  2.3         8.8838568 ]
 [-0.25421712  2.3         8.9158564 ]]

构件 7:
文件路径: /home/zt/project/scan2floorplan/data/raw/BIMNet/obj/train/1px/IFCCOLUMN-IFC#2484-RVT#233033-CurvedFalse-el4.2484_34yYvUt3vBkODS3huAEdo^.obj
IFC类型: IFCCOLUMN
高度范围: (np.float64(9.6304895e-08), np.float64(2.6800001))
切片交点:
[[-0.40082097  2.3         2.2031994 ]
 [-0.40082097  2.3         2.5331993 ]
 [-0.05082095  2.3         2.2031994 ]
 [-0.05082095  2.3         2.5331993 ]]

构件 8:
文件路径: /home/zt/project/scan2floorplan/data/raw/BIMNet/obj/train/1px/IFCDOOR-IFC#6153-RVT#274865-CurvedFalse-el15.6153_2hzYH0z2T6GRsEFkuKJRpl.obj
IFC类型: IFCDOOR
高度范围: (np.float64(-4.5381935e-07), np.float64(2.3359997))
切片交点:
[[ -0.28443214   2.3        -10.382177  ]
 [ -0.28443214   2.3         -9.5301771 ]
 [ -0.25943214   2.3        -10.382177  ]
 [ -0.25943214   2.3         -9.5661768 ]
 [ -0.25943214   2.3         -9.5301771 ]
 [ -0.13943213   2.3        -10.382177  ]
 [ -0.13943213   2.3         -9.5301771 ]
 [ -0.11443213   2.3        -10.382177  ]
 [ -0.11443213   2.3         -9.5301771 ]]

构件 9:
文件路径: /home/zt/project/scan2floorplan/data/raw/BIMNet/obj/train/1px/IFCWALLSTANDARDCASE-IFC#1618-RVT#228157-CurvedFalse-el81.1618_12EuPCouz3xfcXxGyLWs0N.obj
IFC类型: IFCWALLSTANDARDCASE
高度范围: (np.float64(2.7053849e-07), np.float64(2.6800005))
切片交点:
[[-8.2258205   2.3         6.1891994 ]
 [-8.2258205   2.3        10.30914883]
 [-8.2258205   2.3        12.052402  ]
 [-7.9858212   2.3         6.1891994 ]
 [-7.9858212   2.3        12.052402  ]
 [-7.98582097  2.3         7.09864703]
 [-7.98582082  2.3         6.2936997 ]]

构件 11:
文件路径: /home/zt/project/scan2floorplan/data/raw/BIMNet/obj/train/1px/IFCWALLSTANDARDCASE-IFC#2251-RVT#231444-CurvedFalse-el95.2251_12EuPCouz3xfcXxGyLWs0N.obj
IFC类型: IFCWALLSTANDARDCASE
高度范围: (np.float64(2.3015427e-07), np.float64(2.6800003))
切片交点:
[[-6.0276294  2.3        5.265316 ]
 [-6.0276294  2.3        7.9658561]
 [-5.7876296  2.3        5.265316 ]
 [-5.7876296  2.3        7.9658561]]

构件 12:
文件路径: /home/zt/project/scan2floorplan/data/raw/BIMNet/obj/train/1px/IFCWALLSTANDARDCASE-IFC#331-RVT#218989-CurvedFalse-el55.331_12EuPCouz3xfcXxGyLWtUW.obj
IFC类型: IFCWALLSTANDARDCASE
高度范围: (np.float64(-2.4592799e-07), np.float64(2.6799998))
切片交点:
[[-0.15316358  2.3        -5.6261768 ]
 [-0.15316358  2.3        -5.5061769 ]
 [ 3.7292647   2.3        -5.6261768 ]
 [ 3.7292647   2.3        -5.5061769 ]
 [ 4.449265    2.3        -5.6261768 ]
 [ 4.449265    2.3        -5.5061769 ]
 [ 5.0304928   2.3        -5.6261768 ]
 [ 5.0304928   2.3        -5.5061769 ]]

构件 13:
文件路径: /home/zt/project/scan2floorplan/data/raw/BIMNet/obj/train/1px/IFCWINDOW-IFC#4664-RVT#259072-CurvedFalse-el42.4664_0TrfJ6849Bp9glS2DHCj^1.obj
IFC类型: IFCWINDOW
高度范围: (np.float64(0.94739097), np.float64(2.3473911))
切片交点:
[[ 0.16078322  2.3        11.812402  ]
 [ 0.16078322  2.3        12.052402  ]
 [ 0.18038624  2.3        11.922401  ]
 [ 0.18078321  2.3        11.812402  ]
 [ 0.18078321  2.3        11.832401  ]
 [ 0.18078321  2.3        11.877401  ]
 [ 0.18078321  2.3        11.922401  ]
 [ 0.19278322  2.3        11.922401  ]
 [ 0.19278322  2.3        12.052402  ]
 [ 0.77878326  2.3        11.922401  ]
 [ 0.77878326  2.3        12.052402  ]
 [ 0.79078329  2.3        11.812402  ]
 [ 0.79078329  2.3        11.832401  ]
 [ 0.79078329  2.3        11.877401  ]
 [ 0.79078329  2.3        11.92018556]
 [ 0.79078329  2.3        11.922401  ]
 [ 0.81078327  2.3        11.812402  ]
 [ 0.81078327  2.3        11.922401  ]
 [ 0.81078327  2.3        12.052402  ]]

构件 15:
文件路径: /home/zt/project/scan2floorplan/data/raw/BIMNet/obj/train/1px/IFCWALLSTANDARDCASE-IFC#568-RVT#221218-CurvedFalse-el60.568_2KwUpHYjb0EAZdiYz6^Cul.obj
IFC类型: IFCWALLSTANDARDCASE
高度范围: (np.float64(-1.2438245e-07), np.float64(2.6799998))
切片交点:
[[-4.5547743   2.3        -2.8455391 ]
 [-4.5547743   2.3        -2.76153917]
 [-2.0794327   2.3        -2.8455391 ]
 [-2.0794327   2.3        -2.76153917]]

构件 16:
文件路径: /home/zt/project/scan2floorplan/data/raw/BIMNet/obj/train/1px/IFCWALLSTANDARDCASE-IFC#287-RVT#218810-CurvedFalse-el54.287_12EuPCouz3xfcXxGyLWs0N.obj
IFC类型: IFCWALLSTANDARDCASE
高度范围: (np.float64(-5.0907056e-07), np.float64(2.6799998))
切片交点:
[[  5.0304928    2.3        -11.646177  ]
 [  5.0304928    2.3         -6.58711622]
 [  5.0304928    2.3         -2.8968048 ]
 [  5.270493     2.3        -11.646177  ]
 [  5.270493     2.3         -8.6601512 ]
 [  5.270493     2.3         -6.77063085]
 [  5.270493     2.3         -2.8968048 ]]

构件 17:
文件路径: /home/zt/project/scan2floorplan/data/raw/BIMNet/obj/train/1px/IFCWALLSTANDARDCASE-IFC#1943-RVT#229882-CurvedFalse-el88.1943_2KwUpHYjb0EAZdiYz6^Csj.obj
IFC类型: IFCWALLSTANDARDCASE
高度范围: (np.float64(3.2275864e-07), np.float64(2.6800005))
切片交点:
[[-0.39421713  2.3         7.3838573 ]
 [-0.39421713  2.3         8.2158556 ]
 [-0.39421713  2.3         8.9158564 ]
 [-0.39421713  2.3        10.08643833]
 [-0.39421713  2.3        10.222402  ]
 [-0.39421713  2.3        10.922401  ]
 [-0.39421713  2.3        11.812402  ]
 [-0.25421712  2.3         7.3838573 ]
 [-0.25421712  2.3         8.2158556 ]
 [-0.25421712  2.3         8.9158564 ]
 [-0.25421712  2.3        10.222402  ]
 [-0.25421712  2.3        10.922401  ]
 [-0.25421712  2.3        11.812402  ]]

构件 18:
文件路径: /home/zt/project/scan2floorplan/data/raw/BIMNet/obj/train/1px/IFCWALLSTANDARDCASE-IFC#1750-RVT#228625-CurvedFalse-el84.1750_12EuPCouz3xfcXxGyLWs0N.obj
IFC类型: IFCWALLSTANDARDCASE
高度范围: (np.float64(2.1966353e-07), np.float64(2.6800003))
切片交点:
[[-8.0426807  2.3        5.0253162]
 [-8.0426807  2.3        5.265316 ]
 [-5.7876301  2.3        5.0253162]
 [-5.7876301  2.3        5.265316 ]]

构件 19:
文件路径: /home/zt/project/scan2floorplan/data/raw/BIMNet/obj/train/1px/IFCDOOR-IFC#19973-RVT#309239-CurvedFalse-el23.19973_1o8D4YEoL7TehCbWXciYCu.obj
IFC类型: IFCDOOR
高度范围: (np.float64(3.4645015e-07), np.float64(2.4380007))
切片交点:
[[-2.6475899   2.3         7.9258561 ]
 [-2.6475899   2.3         8.1758556 ]
 [-2.6475899   2.3         8.1958561 ]
 [-2.6475899   2.3         8.2258558 ]
 [-2.61759     2.3         7.9258561 ]
 [-2.61759     2.3         8.0758562 ]
 [-2.61759     2.3         8.1758556 ]
 [-2.61759     2.3         8.2258558 ]
 [-2.6125898   2.3         8.1458559 ]
 [-2.6125898   2.3         8.1958561 ]
 [-2.60759     2.3         8.1458559 ]
 [-2.60759     2.3         8.1958561 ]
 [-2.59759     2.3         8.0758562 ]
 [-2.59759     2.3         8.1458559 ]
 [-2.57318211  2.3         8.1458559 ]
 [-2.57318211  2.3         8.1958561 ]
 [-1.7240899   2.3         8.1458559 ]
 [-1.7240899   2.3         8.1958561 ]
 [-1.7190899   2.3         8.1458559 ]
 [-1.7190899   2.3         8.1958561 ]
 [-1.68283218  2.3         8.1458559 ]
 [-1.68283218  2.3         8.1958561 ]
 [-0.84558988  2.3         8.0758562 ]
 [-0.84558988  2.3         8.1458559 ]
 [-0.83558989  2.3         8.1458559 ]
 [-0.83558989  2.3         8.1958561 ]
 [-0.83058989  2.3         8.1458559 ]
 [-0.83058989  2.3         8.1958561 ]
 [-0.82558978  2.3         7.9258561 ]
 [-0.82558978  2.3         8.0758562 ]
 [-0.82558978  2.3         8.1758556 ]
 [-0.82558978  2.3         8.2258558 ]
 [-0.7955898   2.3         7.9258561 ]
 [-0.7955898   2.3         8.1758556 ]
 [-0.7955898   2.3         8.1958561 ]
 [-0.7955898   2.3         8.2258558 ]]

构件 20:
文件路径: /home/zt/project/scan2floorplan/data/raw/BIMNet/obj/train/1px/IFCWALLSTANDARDCASE-IFC#5189-RVT#267346-CurvedFalse-el96.5189_2lo7UQjNT7gxOHhbM3JbdC.obj
IFC类型: IFCWALLSTANDARDCASE
高度范围: (np.float64(2.3023659e-07), np.float64(2.6800003))
切片交点:
[[-0.40892425  2.3         5.2671995 ]
 [-0.40892425  2.3         7.1971993 ]
 [-0.05892423  2.3         5.2671995 ]
 [-0.05892423  2.3         7.1971993 ]]

构件 21:
文件路径: /home/zt/project/scan2floorplan/data/raw/BIMNet/obj/train/1px/IFCCOLUMN-IFC#6009-RVT#273726-CurvedFalse-el7.6009_2hzYH0z2T6GRsEDliKJQE~.obj
IFC类型: IFCCOLUMN
高度范围: (np.float64(-2.5117879e-07), np.float64(2.6799998))
切片交点:
[[-0.33482096  2.3        -5.7463012 ]
 [-0.33482096  2.3        -5.5213013 ]
 [-0.15316339  2.3        -5.6261768 ]
 [-0.15316339  2.3        -5.5213013 ]
 [ 0.01517906  2.3        -5.7463012 ]
 [ 0.01517906  2.3        -5.6261768 ]]

构件 22:
文件路径: /home/zt/project/scan2floorplan/data/raw/BIMNet/obj/train/1px/IFCWALLSTANDARDCASE-IFC#2075-RVT#230701-CurvedFalse-el91.2075_12EuPCouz3xfcXxGyLWs0N.obj
IFC类型: IFCWALLSTANDARDCASE
高度范围: (np.float64(3.477615e-07), np.float64(2.6800005))
切片交点:
[[-2.97159     2.3         7.9558563 ]
 [-2.97159     2.3         8.1958561 ]
 [-2.6475899   2.3         7.9558563 ]
 [-2.6475899   2.3         8.1958561 ]
 [-0.79558986  2.3         7.9558563 ]
 [-0.79558986  2.3         8.1958561 ]
 [-0.39421707  2.3         7.9558563 ]
 [-0.39421707  2.3         8.1958561 ]]

构件 23:
文件路径: /home/zt/project/scan2floorplan/data/raw/BIMNet/obj/train/1px/IFCWINDOW-IFC#4947-RVT#263685-CurvedFalse-el46.4947_2lo7UQjNT7gxOHha23Jaoo.obj
IFC类型: IFCWINDOW
高度范围: (np.float64(0.90000045), np.float64(2.3000007))
切片交点:
[[ 6.7292652   2.3         9.6624022 ]
 [ 6.7292652   2.3        10.612402  ]
 [ 6.7292652   2.3000007   9.6624022 ]
 [ 6.7292652   2.3000007  10.612402  ]
 [ 6.8392653   2.3         9.6624022 ]
 [ 6.8392653   2.3         9.6624029 ]
 [ 6.8392653   2.3000007   9.6624022 ]
 [ 6.8392653   2.3000007  10.612402  ]
 [ 6.9692655   2.3         9.66240222]
 [ 6.9692655   2.3        10.612402  ]
 [ 6.9692655   2.3000007   9.6624022 ]
 [ 6.9692655   2.3000007  10.612402  ]]

构件 24:
文件路径: /home/zt/project/scan2floorplan/data/raw/BIMNet/obj/train/1px/IFCWALLSTANDARDCASE-IFC#2207-RVT#231215-CurvedFalse-el94.2207_12EuPCouz3xfcXxGyLWs0N.obj
IFC类型: IFCWALLSTANDARDCASE
高度范围: (np.float64(2.1974586e-07), np.float64(2.6800003))
切片交点:
[[-0.40892425  2.3         5.0271993 ]
 [-0.40892425  2.3         5.2671995 ]
 [ 1.9492981   2.3         5.0271993 ]
 [ 2.9206601   2.3         5.2671995 ]
 [ 5.5792656   2.3000004   5.0271993 ]
 [ 5.5792656   2.3000004   5.2671995 ]
 [ 6.5292654   2.3000004   5.0271993 ]
 [ 6.5292654   2.3         5.2671995 ]
 [ 6.9692655   2.3         5.0271993 ]
 [ 6.9692655   2.3         5.2671995 ]]

构件 25:
文件路径: /home/zt/project/scan2floorplan/data/raw/BIMNet/obj/train/1px/IFCWALLSTANDARDCASE-IFC#1530-RVT#227618-CurvedFalse-el79.1530_12EuPCouz3xfcXxGyLWqsb.obj
IFC类型: IFCWALLSTANDARDCASE
高度范围: (np.float64(2.7084459e-07), np.float64(2.6800003))
切片交点:
[[-5.3197026  2.3        6.1962023]
 [-5.3197026  2.3        6.3412023]
 [-2.9290814  2.3        6.1962023]
 [-2.9290814  2.3        6.3412023]
 [-2.3090813  2.3        6.1962023]
 [-2.3090813  2.3        6.3412023]
 [-1.5586648  2.3        6.1962023]
 [-1.5586648  2.3        6.3412023]]

构件 26:
文件路径: /home/zt/project/scan2floorplan/data/raw/BIMNet/obj/train/1px/IFCWINDOW-IFC#4696-RVT#260062-CurvedFalse-el43.4696_0TrfJ6849Bp9glS2DHCj^1.obj
IFC类型: IFCWINDOW
高度范围: (np.float64(0.94739097), np.float64(2.3473911))
切片交点:
[[ 2.8407829   2.3        11.812402  ]
 [ 2.8407829   2.3        12.052402  ]
 [ 2.86038593  2.3        11.922401  ]
 [ 2.8607829   2.3        11.812402  ]
 [ 2.8607829   2.3        11.832401  ]
 [ 2.8607829   2.3        11.877401  ]
 [ 2.8607829   2.3        11.922401  ]
 [ 2.8727829   2.3        11.922401  ]
 [ 2.8727829   2.3        12.052402  ]
 [ 3.4587829   2.3        11.922401  ]
 [ 3.4587829   2.3        12.052402  ]
 [ 3.470783    2.3        11.812402  ]
 [ 3.470783    2.3        11.832401  ]
 [ 3.470783    2.3        11.877401  ]
 [ 3.470783    2.3        11.92018556]
 [ 3.470783    2.3        11.922401  ]
 [ 3.490783    2.3        11.812402  ]
 [ 3.490783    2.3        11.922401  ]
 [ 3.490783    2.3        12.052402  ]]

构件 27:
文件路径: /home/zt/project/scan2floorplan/data/raw/BIMNet/obj/train/1px/IFCWALLSTANDARDCASE-IFC#1882-RVT#229362-CurvedFalse-el87.1882_2KwUpHYjb0EAZdiYz6^DIU.obj
IFC类型: IFCWALLSTANDARDCASE
高度范围: (np.float64(2.7718275e-07), np.float64(2.6800005))
切片交点:
[[-4.2019291  2.3        6.3412023]
 [-4.2019291  2.3        6.5887027]
 [-4.2019291  2.3        7.2087026]
 [-4.2019291  2.3       11.812402 ]
 [-4.1469288  2.3        6.3412023]
 [-4.1469288  2.3        6.5887027]
 [-4.1469288  2.3        7.2087026]
 [-4.1469288  2.3       11.812402 ]]

构件 28:
文件路径: /home/zt/project/scan2floorplan/data/raw/BIMNet/obj/train/1px/IFCWALLSTANDARDCASE-IFC#1442-RVT#227285-CurvedFalse-el77.1442_2KwUpHYjb0EAZdiYz6^CPo.obj
IFC类型: IFCWALLSTANDARDCASE
高度范围: (np.float64(1.926448e-07), np.float64(2.6800003))
切片交点:
[[-1.5586644   2.3         4.4071994 ]
 [-1.5586644   2.3         6.34120236]
 [-1.4486645   2.3         4.4071994 ]
 [-1.4486645   2.3         6.34120236]]

构件 29:
文件路径: /home/zt/project/scan2floorplan/data/raw/BIMNet/obj/train/1px/IFCDOOR-IFC#7084-RVT#281050-CurvedFalse-el22.7084_2AJ6T3vZDDZRJL7kKpGlYM.obj
IFC类型: IFCDOOR
高度范围: (np.float64(-2.4702078e-07), np.float64(2.3759999))
切片交点:
[[ 3.653265   2.3       -5.6511769]
 [ 3.653265   2.3       -5.6261768]
 [ 3.653265   2.3       -5.5061769]
 [ 3.653265   2.3       -5.4811769]
 [ 3.729265   2.3       -5.6511769]
 [ 3.729265   2.3       -5.6261768]
 [ 3.729265   2.3       -5.5571771]
 [ 3.729265   2.3       -5.5061769]
 [ 3.729265   2.3       -5.4811769]
 [ 4.449265   2.3       -5.6511769]
 [ 4.449265   2.3       -5.6261768]
 [ 4.449265   2.3       -5.5571771]
 [ 4.449265   2.3       -5.5061769]
 [ 4.449265   2.3       -5.4811769]
 [ 4.5252652  2.3       -5.6511769]
 [ 4.5252652  2.3       -5.6261768]
 [ 4.5252652  2.3       -5.5061769]
 [ 4.5252652  2.3       -5.4811769]]

构件 31:
文件路径: /home/zt/project/scan2floorplan/data/raw/BIMNet/obj/train/1px/IFCWALLSTANDARDCASE-IFC#1205-RVT#226181-CurvedFalse-el72.1205_2KwUpHYjb0EAZdiYz6^CPo.obj
IFC类型: IFCWALLSTANDARDCASE
高度范围: (np.float64(-3.0685823e-07), np.float64(2.6799998))
切片交点:
[[-2.0794322   2.3        -7.02009813]
 [-2.0794322   2.3        -6.9100981 ]
 [-0.2594322   2.3        -7.02009813]
 [-0.2594322   2.3        -6.9100981 ]]

构件 32:
文件路径: /home/zt/project/scan2floorplan/data/raw/BIMNet/obj/train/1px/IFCWALLSTANDARDCASE-IFC#2119-RVT#230821-CurvedFalse-el92.2119_12EuPCouz3xfcXxGyLWs0N.obj
IFC类型: IFCWALLSTANDARDCASE
高度范围: (np.float64(3.2275864e-07), np.float64(2.6800003))
切片交点:
[[-2.97159     2.3         7.38385687]
 [-2.97159     2.3         7.623857  ]
 [-0.39421701  2.3         7.38385687]
 [-0.39421701  2.3         7.623857  ]]

构件 33:
文件路径: /home/zt/project/scan2floorplan/data/raw/BIMNet/obj/train/1px/IFCDOOR-IFC#6363-RVT#275678-CurvedFalse-el17.6363_2hzYH0z2T6GRsEFkuKJRkl.obj
IFC类型: IFCDOOR
高度范围: (np.float64(-1.67919e-07), np.float64(2.3759999))
切片交点:
[[-2.1884322   2.3        -3.84153909]
 [-2.1884322   2.3        -3.7655392 ]
 [-2.1884322   2.3        -3.0455389 ]
 [-2.1884322   2.3        -2.9695389 ]
 [-2.1634324   2.3        -3.84153909]
 [-2.1634324   2.3        -3.7655392 ]
 [-2.1634324   2.3        -3.0455389 ]
 [-2.1634324   2.3        -2.9695389 ]
 [-2.1124322   2.3        -3.7655392 ]
 [-2.1124322   2.3        -3.0455389 ]
 [-2.0794322   2.3        -3.84153909]
 [-2.0794322   2.3        -3.7655392 ]
 [-2.0794322   2.3        -3.0455389 ]
 [-2.0794322   2.3        -2.9695389 ]
 [-2.0544322   2.3        -3.84153909]
 [-2.0544322   2.3        -3.7655392 ]
 [-2.0544322   2.3        -3.0455389 ]
 [-2.0544322   2.3        -2.9695389 ]]

构件 34:
文件路径: /home/zt/project/scan2floorplan/data/raw/BIMNet/obj/train/1px/IFCWALLSTANDARDCASE-IFC#1398-RVT#227118-CurvedFalse-el76.1398_2KwUpHYjb0EAZdiYz6^Csj.obj
IFC类型: IFCWALLSTANDARDCASE
高度范围: (np.float64(1.865252e-07), np.float64(2.6800003))
切片交点:
[[-6.0747743   2.3         4.267199  ]
 [-6.0747743   2.3         4.40719897]
 [-1.4486645   2.3         4.267199  ]
 [-1.4486645   2.3         4.40719897]]

构件 35:
文件路径: /home/zt/project/scan2floorplan/data/raw/BIMNet/obj/train/1px/IFCWALLSTANDARDCASE-IFC#1987-RVT#230268-CurvedFalse-el89.1987_2KwUpHYjb0EAZdiYz6^Dzu.obj
IFC类型: IFCWALLSTANDARDCASE
高度范围: (np.float64(3.2275864e-07), np.float64(2.6800003))
切片交点:
[[-4.1469288   2.3         7.3838573 ]
 [-4.1469288   2.3         7.5038571 ]
 [-3.90957918  2.3         7.3838573 ]
 [-3.8992596   2.3         7.3838573 ]
 [-3.8992596   2.3         7.5038571 ]
 [-3.2792594   2.3         7.3838573 ]
 [-3.2792594   2.3         7.5038571 ]
 [-2.9715903   2.3         7.3838573 ]
 [-2.9715903   2.3         7.5038571 ]]

构件 36:
文件路径: /home/zt/project/scan2floorplan/data/raw/BIMNet/obj/train/1px/IFCDOOR-IFC#6842-RVT#278596-CurvedFalse-el21.6842_2AJ6T3vZDDZRJL7kKpGlCF.obj
IFC类型: IFCDOOR
高度范围: (np.float64(-3.1441951e-07), np.float64(2.3759999))
切片交点:
[[-3.2004323  2.3       -7.1930804]
 [-3.2004323  2.3       -7.1680803]
 [-3.2004323  2.3       -7.0680804]
 [-3.2004323  2.3       -7.0430803]
 [-3.1244323  2.3       -7.1930804]
 [-3.1244323  2.3       -7.1680803]
 [-3.1244323  2.3       -7.1190805]
 [-3.1244323  2.3       -7.0680804]
 [-3.1244323  2.3       -7.0430803]
 [-2.4044323  2.3       -7.1930804]
 [-2.4044323  2.3       -7.1680803]
 [-2.4044323  2.3       -7.1190805]
 [-2.4044323  2.3       -7.0680804]
 [-2.4044323  2.3       -7.0430803]
 [-2.3284323  2.3       -7.1930804]
 [-2.3284323  2.3       -7.1680803]
 [-2.3284323  2.3       -7.0680804]
 [-2.3284323  2.3       -7.0430803]]

构件 37:
文件路径: /home/zt/project/scan2floorplan/data/raw/BIMNet/obj/train/1px/IFCWALLSTANDARDCASE-IFC#2163-RVT#230987-CurvedFalse-el93.2163_12EuPCouz3xfcXxGyLWs0N.obj
IFC类型: IFCWALLSTANDARDCASE
高度范围: (np.float64(2.3023659e-07), np.float64(2.6800005))
切片交点:
[[ 6.7292657   2.3         5.2671995 ]
 [ 6.7292657   2.3000004   6.4271994 ]
 [ 6.7292657   2.3000004   7.3771996 ]
 [ 6.7292657   2.3         9.66240106]
 [ 6.7292657   2.3         9.6624022 ]
 [ 6.7292657   2.3        10.612402  ]
 [ 6.7292657   2.3        12.052402  ]
 [ 6.7292657   2.3000007   9.6624022 ]
 [ 6.7292657   2.3000007  10.612402  ]
 [ 6.9692655   2.3         5.2671995 ]
 [ 6.9692655   2.3000004   6.4271994 ]
 [ 6.9692655   2.3000004   7.3771996 ]
 [ 6.9692655   2.3         9.6624022 ]
 [ 6.9692655   2.3        10.612402  ]
 [ 6.9692655   2.3        12.052402  ]
 [ 6.9692655   2.3000007   9.6624022 ]
 [ 6.9692655   2.3000007  10.612402  ]]

构件 39:
文件路径: /home/zt/project/scan2floorplan/data/raw/BIMNet/obj/train/1px/IFCWALLSTANDARDCASE-IFC#957-RVT#224046-CurvedFalse-el67.957_2KwUpHYjb0EAZdiYz6^Cul.obj
IFC类型: IFCWALLSTANDARDCASE
高度范围: (np.float64(-3.1505925e-07), np.float64(2.6799998))
切片交点:
[[-2.1634324  2.3       -7.207716 ]
 [-2.1634324  2.3       -5.0021729]
 [-2.0794322  2.3       -7.207716 ]
 [-2.0794322  2.3       -5.0021729]]

构件 40:
文件路径: /home/zt/project/scan2floorplan/data/raw/BIMNet/obj/train/1px/IFCWINDOW-IFC#5346-RVT#268582-CurvedFalse-el50.5346_2hzYH0z2T6GRsEFkuKJPVT.obj
IFC类型: IFCWINDOW
高度范围: (np.float64(1.4017594), np.float64(2.4017594))
切片交点:
[[-0.39421713  2.3        10.222402  ]
 [-0.39421713  2.3        10.241402  ]
 [-0.39421713  2.3        10.903401  ]
 [-0.39421713  2.3        10.922401  ]
 [-0.37521714  2.3        10.241402  ]
 [-0.37521714  2.3        10.285401  ]
 [-0.37521714  2.3        10.859402  ]
 [-0.37521714  2.3        10.903401  ]
 [-0.35921711  2.3        10.285401  ]
 [-0.35921711  2.3        10.859402  ]
 [-0.34721711  2.3        10.285401  ]
 [-0.34721711  2.3        10.859402  ]
 [-0.33121711  2.3        10.23979911]
 [-0.33121711  2.3        10.241402  ]
 [-0.33121711  2.3        10.25209497]
 [-0.33121711  2.3        10.254401  ]
 [-0.33121711  2.3        10.285401  ]
 [-0.33121711  2.3        10.859402  ]
 [-0.33121711  2.3        10.890402  ]
 [-0.33121711  2.3        10.92043012]
 [-0.25421712  2.3        10.222402  ]
 [-0.25421712  2.3        10.254401  ]
 [-0.25421712  2.3        10.890402  ]
 [-0.25421712  2.3        10.922401  ]]

构件 41:
文件路径: /home/zt/project/scan2floorplan/data/raw/BIMNet/obj/train/1px/IFCCOLUMN-IFC#2564-RVT#234306-CurvedFalse-el5.2564_34yYvUt3vBkODS3huAEc6q.obj
IFC类型: IFCCOLUMN
高度范围: (np.float64(2.1231492e-07), np.float64(2.6800003))
切片交点:
[[-0.41316342  2.3         4.8571997 ]
 [-0.41316342  2.3         5.3971996 ]
 [-0.40892425  2.3         5.0271993 ]
 [-0.40892425  2.3         5.3971996 ]
 [-0.05892423  2.3         5.2671995 ]
 [-0.05892423  2.3         5.3971996 ]
 [-0.01316338  2.3         4.8571997 ]
 [-0.01316338  2.3         5.0271993 ]
 [-0.01316338  2.3         5.2671995 ]
 [-0.01316338  2.3         5.3971996 ]]

构件 42:
文件路径: /home/zt/project/scan2floorplan/data/raw/BIMNet/obj/train/1px/IFCWALLSTANDARDCASE-IFC#1161-RVT#225957-CurvedFalse-el71.1161_12EuPCouz3xfcXxGyLWs0N.obj
IFC类型: IFCWALLSTANDARDCASE
高度范围: (np.float64(-2.6282788e-07), np.float64(2.6799998))
切片交点:
[[-4.0118213  2.3       -6.0128012]
 [-4.0118213  2.3       -5.2071896]
 [-3.8918211  2.3       -5.2071896]
 [-3.8918211  2.3       -5.0021734]
 [-3.771821   2.3       -6.0128012]
 [-3.771821   2.3       -5.0021734]]

构件 43:
文件路径: /home/zt/project/scan2floorplan/data/raw/BIMNet/obj/train/1px/IFCWALLSTANDARDCASE-IFC#1001-RVT#224481-CurvedFalse-el68.1001_2KwUpHYjb0EAZdiYz6^Cul.obj
IFC类型: IFCWALLSTANDARDCASE
高度范围: (np.float64(-3.150752e-07), np.float64(2.6799998))
切片交点:
[[-3.4287739  2.3       -7.2080803]
 [-3.4287739  2.3       -6.9680805]
 [-3.4287739  2.3       -6.3680806]
 [-3.4287739  2.3       -6.1228013]
 [-3.3447738  2.3       -7.2080803]
 [-3.3447738  2.3       -6.9680805]
 [-3.3447738  2.3       -6.3680806]
 [-3.3447738  2.3       -6.1228013]]

构件 44:
文件路径: /home/zt/project/scan2floorplan/data/raw/BIMNet/obj/train/1px/IFCWALLSTANDARDCASE-IFC#392-RVT#219210-CurvedFalse-el56.392_12EuPCouz3xfcXxGyLWs0N.obj
IFC类型: IFCWALLSTANDARDCASE
高度范围: (np.float64(-2.4068262e-07), np.float64(2.6800001))
切片交点:
[[ 3.0292649  2.3       -5.5061769]
 [ 3.0292649  2.3       -2.6568048]
 [ 3.2692652  2.3       -5.5061769]
 [ 3.2692652  2.3       -2.6568048]]

构件 45:
文件路径: /home/zt/project/scan2floorplan/data/raw/BIMNet/obj/train/1px/IFCWALLSTANDARDCASE-IFC#629-RVT#221435-CurvedFalse-el61.629_12EuPCouz3xfcXxGyLWqsb.obj
IFC类型: IFCWALLSTANDARDCASE
高度范围: (np.float64(-3.2141335e-07), np.float64(2.6799998))
切片交点:
[[-6.2858362   2.3        -7.3530807 ]
 [-6.2858362   2.3        -7.20808073]
 [-3.2658358   2.3        -7.3530807 ]
 [-3.2658358   2.3        -7.20808073]]

构件 48:
文件路径: /home/zt/project/scan2floorplan/data/raw/BIMNet/obj/train/1px/IFCDOOR-IFC#5823-RVT#272608-CurvedFalse-el11.5823_2hzYH0z2T6GRsEFkuKJQUF.obj
IFC类型: IFCDOOR
高度范围: (np.float64(3.4710584e-07), np.float64(2.4760003))
切片交点:
[[-5.2057018   2.3         7.9408565 ]
 [-5.2057018   2.3         7.9658566 ]
 [-5.2057018   2.3         8.0758562 ]
 [-5.2057018   2.3         8.1008568 ]
 [-5.13286828  2.3         7.9658566 ]
 [-5.13286828  2.3         7.9408565 ]
 [-5.1297016   2.3         7.9408565 ]
 [-5.1297016   2.3         7.9658566 ]
 [-5.1297016   2.3         8.0248566 ]
 [-5.1297016   2.3         8.1008568 ]
 [-4.5097017   2.3         7.9408565 ]
 [-4.5097017   2.3         7.9658566 ]
 [-4.5097017   2.3         8.0248566 ]
 [-4.5097017   2.3         8.1008568 ]
 [-4.50653502  2.3         8.0758562 ]
 [-4.50653502  2.3         8.1008568 ]
 [-4.4337015   2.3         7.9408565 ]
 [-4.4337015   2.3         7.9658566 ]
 [-4.4337015   2.3         8.0758562 ]
 [-4.4337015   2.3         8.1008568 ]]

构件 49:
文件路径: /home/zt/project/scan2floorplan/data/raw/BIMNet/obj/train/1px/IFCWALLSTANDARDCASE-IFC#1045-RVT#224699-CurvedFalse-el69.1045_2KwUpHYjb0EAZdiYz6^CPo.obj
IFC类型: IFCWALLSTANDARDCASE
高度范围: (np.float64(-2.6763612e-07), np.float64(2.6799998))
切片交点:
[[-4.0118213  2.3       -6.1228013]
 [-4.0118213  2.3       -6.0128012]
 [-2.9934323  2.3       -6.1228013]
 [-2.9934323  2.3       -6.0128012]
 [-2.3334322  2.3       -6.1228013]
 [-2.3334322  2.3       -6.0128012]
 [-2.1634321  2.3       -6.1228013]
 [-2.1634321  2.3       -6.0128012]]

构件 50:
文件路径: /home/zt/project/scan2floorplan/data/raw/BIMNet/obj/train/1px/IFCWALLSTANDARDCASE-IFC#196-RVT#218400-CurvedFalse-el53.196_12EuPCouz3xfcXxGyLWs0N.obj
IFC类型: IFCWALLSTANDARDCASE
高度范围: (np.float64(-5.0907056e-07), np.float64(2.6799996))
切片交点:
[[ -4.6071725    2.3        -11.646177  ]
 [ -4.6071725    2.3        -11.406178  ]
 [ -3.49771558   2.3        -11.646177  ]
 [ -0.66456014   2.3        -11.646177  ]
 [  0.90180665   2.3        -11.406178  ]
 [  1.61365996   2.3        -11.406178  ]
 [  5.0304933    2.3        -11.646177  ]
 [  5.0304933    2.3        -11.406178  ]]

构件 51:
文件路径: /home/zt/project/scan2floorplan/data/raw/BIMNet/obj/train/1px/IFCWALLSTANDARDCASE-IFC#1574-RVT#228021-CurvedFalse-el80.1574_12EuPCouz3xfcXxGyLWs0N.obj
IFC类型: IFCWALLSTANDARDCASE
高度范围: (np.float64(1.926448e-07), np.float64(2.6800003))
切片交点:
[[-5.3197021  2.3        4.4071994]
 [-5.3197021  2.3        6.1962023]
 [-5.0797024  2.3        4.4071994]
 [-5.0797024  2.3        6.1962023]]

构件 52:
文件路径: /home/zt/project/scan2floorplan/data/raw/BIMNet/obj/train/1px/IFCWALLSTANDARDCASE-IFC#1706-RVT#228554-CurvedFalse-el83.1706_12EuPCouz3xfcXxGyLWs0N.obj
IFC类型: IFCWALLSTANDARDCASE
高度范围: (np.float64(2.3015427e-07), np.float64(2.6800003))
切片交点:
[[-8.0426807  2.3        5.265316 ]
 [-8.0426807  2.3        6.1891994]
 [-7.8026805  2.3        5.265316 ]
 [-7.8026805  2.3        6.1891994]]

构件 53:
文件路径: /home/zt/project/scan2floorplan/data/raw/BIMNet/obj/train/1px/IFCWALLSTANDARDCASE-IFC#1310-RVT#226692-CurvedFalse-el74.1310_12EuPCouz3xfcXxGyLWs0N.obj
IFC类型: IFCWALLSTANDARDCASE
高度范围: (np.float64(2.4618052e-08), np.float64(2.6800001))
切片交点:
[[-6.3147745   2.3         0.56319531]
 [-6.3147745   2.3         0.80319532]
 [-4.5147743   2.3         0.56319531]
 [-4.5147743   2.3         0.80319532]]

构件 55:
文件路径: /home/zt/project/scan2floorplan/data/raw/BIMNet/obj/train/1px/IFCWALLSTANDARDCASE-IFC#1662-RVT#228404-CurvedFalse-el82.1662_12EuPCouz3xfcXxGyLWs0N.obj
IFC类型: IFCWALLSTANDARDCASE
高度范围: (np.float64(5.1633646e-07), np.float64(2.6800005))
切片交点:
[[-7.9858212   2.3        11.812402  ]
 [-7.9858212   2.3        12.052402  ]
 [-6.78706359  2.3        11.812402  ]
 [-2.519217    2.3        11.812402  ]
 [-2.519217    2.3        12.052402  ]
 [-1.8692169   2.3        11.812402  ]
 [-1.8692169   2.3        12.052402  ]
 [ 0.16078322  2.3        11.812402  ]
 [ 0.16078322  2.3        12.052402  ]
 [ 0.81078327  2.3        11.812402  ]
 [ 0.81078327  2.3        12.052402  ]
 [ 2.8407829   2.3        11.812402  ]
 [ 2.8407829   2.3        12.052402  ]
 [ 3.490783    2.3        11.812402  ]
 [ 3.490783    2.3        12.052402  ]
 [ 6.7292657   2.3        11.812402  ]
 [ 6.7292657   2.3        12.052402  ]]

构件 57:
文件路径: /home/zt/project/scan2floorplan/data/raw/BIMNet/obj/train/1px/IFCDOOR-IFC#6737-RVT#277828-CurvedFalse-el20.6737_2AJ6T3vZDDZRJL7kKpGlCK.obj
IFC类型: IFCDOOR
高度范围: (np.float64(-2.6872891e-07), np.float64(2.3759999))
切片交点:
[[-3.0694323   2.3        -6.1478014 ]
 [-3.0694323   2.3        -6.1228013 ]
 [-3.0694323   2.3        -6.0128012 ]
 [-3.0694323   2.3        -5.98780158]
 [-2.9934323   2.3        -6.1478014 ]
 [-2.9934323   2.3        -6.1228013 ]
 [-2.9934323   2.3        -6.0638013 ]
 [-2.9934323   2.3        -6.0128012 ]
 [-2.9934323   2.3        -5.9878016 ]
 [-2.3334322   2.3        -6.1478014 ]
 [-2.3334322   2.3        -6.1228013 ]
 [-2.3334322   2.3        -6.0638013 ]
 [-2.3334322   2.3        -6.0128012 ]
 [-2.3334322   2.3        -5.9878016 ]
 [-2.2574322   2.3        -6.1478014 ]
 [-2.2574322   2.3        -6.1228013 ]
 [-2.2574322   2.3        -6.0128012 ]
 [-2.2574322   2.3        -5.98780158]]

构件 58:
文件路径: /home/zt/project/scan2floorplan/data/raw/BIMNet/obj/train/1px/IFCDOOR-IFC#6467-RVT#275861-CurvedFalse-el18.6467_2AJ6T3vZDDZRJL7kKpGlCY.obj
IFC类型: IFCDOOR
高度范围: (np.float64(-1.7578705e-07), np.float64(2.3759999))
切片交点:
[[-4.6497741  2.3       -4.0215392]
 [-4.6497741  2.3       -3.945539 ]
 [-4.6497741  2.3       -3.225539 ]
 [-4.6497741  2.3       -3.149539 ]
 [-4.624774   2.3       -4.0215392]
 [-4.624774   2.3       -3.945539 ]
 [-4.624774   2.3       -3.225539 ]
 [-4.624774   2.3       -3.149539 ]
 [-4.5737743  2.3       -3.945539 ]
 [-4.5737743  2.3       -3.225539 ]
 [-4.4847741  2.3       -4.0215392]
 [-4.4847741  2.3       -3.945539 ]
 [-4.4847741  2.3       -3.225539 ]
 [-4.4847741  2.3       -3.149539 ]
 [-4.459774   2.3       -4.0215392]
 [-4.459774   2.3       -3.945539 ]
 [-4.459774   2.3       -3.225539 ]
 [-4.459774   2.3       -3.149539 ]]

构件 60:
文件路径: /home/zt/project/scan2floorplan/data/raw/BIMNet/obj/train/1px/IFCWALLSTANDARDCASE-IFC#1838-RVT#229117-CurvedFalse-el86.1838_12EuPCouz3xfcXxGyLWs0N.obj
IFC类型: IFCWALLSTANDARDCASE
高度范围: (np.float64(2.7718275e-07), np.float64(2.6800003))
切片交点:
[[-5.4597025   2.3         6.3412023 ]
 [-5.4597025   2.3         7.96585567]
 [-5.2197027   2.3         6.3412023 ]
 [-5.2197027   2.3         7.96585567]]

构件 62:
文件路径: /home/zt/project/scan2floorplan/data/raw/BIMNet/obj/train/1px/IFCWALLSTANDARDCASE-IFC#1089-RVT#224993-CurvedFalse-el70.1089_2KwUpHYjb0EAZdiYz6^CMa.obj
IFC类型: IFCWALLSTANDARDCASE
高度范围: (np.float64(-2.2761346e-07), np.float64(2.6799998))
切片交点:
[[-6.0458364   2.3        -5.2071896 ]
 [-6.0458364   2.3        -4.89718953]
 [-3.8918214   2.3        -5.2071896 ]
 [-3.8918214   2.3        -4.89718953]]

构件 63:
文件路径: /home/zt/project/scan2floorplan/data/raw/BIMNet/obj/train/1px/IFCWINDOW-IFC#4977-RVT#264015-CurvedFalse-el47.4977_2lo7UQjNT7gxOHha23Jaoo.obj
IFC类型: IFCWINDOW
高度范围: (np.float64(0.90000027), np.float64(2.3000004))
切片交点:
[[6.7292652 2.3000004 6.4271994]
 [6.7292652 2.3       7.3771996]
 [6.8392653 2.3       6.4271994]
 [6.8392653 2.3       6.4271998]
 [6.8392653 2.3000004 7.3771996]
 [6.9692655 2.3000004 6.4271994]
 [6.9692655 2.3000004 7.3771996]]

构件 65:
文件路径: /home/zt/project/scan2floorplan/data/raw/BIMNet/obj/train/1px/IFCDOOR-IFC#6050-RVT#274157-CurvedFalse-el14.6050_2hzYH0z2T6GRsEFkuKJQRO.obj
IFC类型: IFCDOOR
高度范围: (np.float64(1.9893925e-07), np.float64(2.4760003))
切片交点:
[[-3.3040812   2.3         4.5511994 ]
 [-3.3040812   2.3         4.62719922]
 [-3.3040812   2.3         5.2471995 ]
 [-3.3040812   2.3         5.25036618]
 [-3.3040812   2.3         5.32319933]
 [-3.2790813   2.3         4.5511994 ]
 [-3.2790813   2.3         5.25036618]
 [-3.2790813   2.3         5.32319933]
 [-3.2280812   2.3         4.62719922]
 [-3.2280812   2.3         5.2471995 ]
 [-3.1590812   2.3         4.5511994 ]
 [-3.1590812   2.3         4.62403253]
 [-3.1590812   2.3         4.62719922]
 [-3.1590812   2.3         5.2471995 ]
 [-3.1590812   2.3         5.32319933]
 [-3.1340811   2.3         4.5511994 ]
 [-3.1340811   2.3         4.62403253]
 [-3.1340811   2.3         4.62719922]
 [-3.1340811   2.3         5.2471995 ]
 [-3.1340811   2.3         5.32319933]]

构件 67:
文件路径: /home/zt/project/scan2floorplan/data/raw/BIMNet/obj/train/1px/IFCWALLSTANDARDCASE-IFC#480-RVT#220014-CurvedFalse-el58.480_12EuPCouz3xfcXxGyLWs0N.obj
IFC类型: IFCWALLSTANDARDCASE
高度范围: (np.float64(-5.0907056e-07), np.float64(2.6799998))
切片交点:
[[ -4.8471727    2.3        -11.646177  ]
 [ -4.8471727    2.3         -8.27791418]
 [ -4.8471727    2.3         -7.3530803 ]
 [ -4.6071725    2.3        -11.646177  ]
 [ -4.6071725    2.3        -10.66099356]
 [ -4.6071725    2.3         -7.3530803 ]]

构件 68:
文件路径: /home/zt/project/scan2floorplan/data/raw/BIMNet/obj/train/1px/IFCDOOR-IFC#5953-RVT#272794-CurvedFalse-el13.5953_2AJ6T3vZDDZRJL7kKpGlCe.obj
IFC类型: IFCDOOR
高度范围: (np.float64(2.6975181e-07), np.float64(2.4760003))
切片交点:
[[-3.0050814   2.3         6.1712022 ]
 [-3.0050814   2.3         6.1962023 ]
 [-3.0050814   2.3         6.3412023 ]
 [-3.0050814   2.3         6.3662024 ]
 [-2.93224808  2.3         6.3662024 ]
 [-2.93224808  2.3         6.3412023 ]
 [-2.93224808  2.3         6.1962023 ]
 [-2.9290814   2.3         6.1712022 ]
 [-2.9290814   2.3         6.24720192]
 [-2.9290814   2.3         6.3412023 ]
 [-2.9290814   2.3         6.3662024 ]
 [-2.3090816   2.3         6.1712022 ]
 [-2.3090816   2.3         6.19516063]
 [-2.3090816   2.3         6.24720192]
 [-2.3090816   2.3         6.3412023 ]
 [-2.3090816   2.3         6.3662024 ]
 [-2.30591491  2.3         6.1712022 ]
 [-2.2330813   2.3         6.1712022 ]
 [-2.2330813   2.3         6.1962023 ]
 [-2.2330813   2.3         6.3412023 ]
 [-2.2330813   2.3         6.3662024 ]]

构件 69:
文件路径: /home/zt/project/scan2floorplan/data/raw/BIMNet/obj/train/1px/IFCDOOR-IFC#5850-RVT#272682-CurvedFalse-el12.5850_2hzYH0z2T6GRsEFkuKJQUF.obj
IFC类型: IFCDOOR
高度范围: (np.float64(3.4710584e-07), np.float64(2.4760003))
切片交点:
[[-6.97363     2.3         7.9408565 ]
 [-6.97363     2.3         7.9658566 ]
 [-6.97363     2.3         8.0758562 ]
 [-6.97363     2.3         8.1008568 ]
 [-6.90079639  2.3         7.9658566 ]
 [-6.90079639  2.3         7.9408565 ]
 [-6.8976297   2.3         7.9408565 ]
 [-6.8976297   2.3         7.9658566 ]
 [-6.8976297   2.3         8.0248566 ]
 [-6.8976297   2.3         8.1008568 ]
 [-6.2776299   2.3         7.9408565 ]
 [-6.2776299   2.3         7.9658566 ]
 [-6.2776299   2.3         8.0248566 ]
 [-6.2776299   2.3         8.1008568 ]
 [-6.27446321  2.3         8.0758562 ]
 [-6.27446321  2.3         8.1008568 ]
 [-6.2016296   2.3         7.9408565 ]
 [-6.2016296   2.3         7.9658566 ]
 [-6.2016296   2.3         8.0758562 ]
 [-6.2016296   2.3         8.1008568 ]]

构件 70:
文件路径: /home/zt/project/scan2floorplan/data/raw/BIMNet/obj/train/1px/IFCWALLSTANDARDCASE-IFC#1249-RVT#226547-CurvedFalse-el73.1249_2KwUpHYjb0EAZdiYz6^Dzu.obj
IFC类型: IFCWALLSTANDARDCASE
高度范围: (np.float64(-4.9857982e-07), np.float64(2.6799998))
切片交点:
[[ -0.25943214   2.3        -11.406178  ]
 [ -0.25943214   2.3         -6.6481376 ]
 [ -0.25943214   2.3         -5.9281373 ]
 [ -0.25943214   2.3         -5.7461772 ]
 [ -0.13943213   2.3        -11.406178  ]
 [ -0.13943213   2.3         -9.77760804]
 [ -0.13943213   2.3         -6.6481376 ]
 [ -0.13943213   2.3         -5.9281373 ]
 [ -0.13943213   2.3         -5.7461772 ]]

构件 71:
文件路径: /home/zt/project/scan2floorplan/data/raw/BIMNet/obj/train/1px/IFCBEAM-IFC#7125-RVT#288315-CurvedFalse-el98.7125_2kMW8XyZv1d9XdPJLihM2H.obj
IFC类型: IFCBEAM
高度范围: (np.float64(2.0799999), np.float64(2.6799998))
切片交点:
[[-2.1168211   2.3        -5.7488008 ]
 [-2.1168211   2.3        -5.5488009 ]
 [-0.21682096  2.3        -5.7488008 ]
 [-0.21682096  2.3        -5.5488009 ]]

构件 72:
文件路径: /home/zt/project/scan2floorplan/data/raw/BIMNet/obj/train/1px/IFCWALLSTANDARDCASE-IFC#1486-RVT#227377-CurvedFalse-el78.1486_2KwUpHYjb0EAZdiYz6^Dzu.obj
IFC类型: IFCWALLSTANDARDCASE
高度范围: (np.float64(1.926448e-07), np.float64(2.6800003))
切片交点:
[[-3.2790811  2.3        4.4071994]
 [-3.2790811  2.3        4.6271996]
 [-3.2790811  2.3        5.2471995]
 [-3.2790811  2.3        6.1962023]
 [-3.1590812  2.3        4.4071994]
 [-3.1590812  2.3        4.6180329]
 [-3.1590812  2.3        4.6271996]
 [-3.1590812  2.3        5.2471995]
 [-3.1590812  2.3        6.1962023]]

构件 73:
文件路径: /home/zt/project/scan2floorplan/data/raw/BIMNet/obj/train/1px/IFCWALLSTANDARDCASE-IFC#524-RVT#220869-CurvedFalse-el59.524_12EuPCouz3xfcXxGyLWs0N.obj
IFC类型: IFCWALLSTANDARDCASE
高度范围: (np.float64(-3.150752e-07), np.float64(2.6799998))
切片交点:
[[-6.2858362   2.3        -7.2080803 ]
 [-6.2858362   2.3        -6.2921896 ]
 [-6.2858362   2.3        -5.6921897 ]
 [-6.2858362   2.3        -4.66846333]
 [-6.2858362   2.3        -4.5771894 ]
 [-6.2858362   2.3        -4.0171895 ]
 [-6.2858362   2.3        -2.7805803 ]
 [-6.0458364   2.3        -7.2080803 ]
 [-6.0458364   2.3        -6.2921896 ]
 [-6.0458364   2.3        -5.6921897 ]
 [-6.0458364   2.3        -4.5771894 ]
 [-6.0458364   2.3        -4.0171895 ]
 [-6.0458364   2.3        -2.7805803 ]]

构件 74:
文件路径: /home/zt/project/scan2floorplan/data/raw/BIMNet/obj/train/1px/IFCWALLSTANDARDCASE-IFC#852-RVT#223270-CurvedFalse-el65.852_12EuPCouz3xfcXxGyLWs0N.obj
IFC类型: IFCWALLSTANDARDCASE
高度范围: (np.float64(-2.083362e-07), np.float64(2.6799998))
切片交点:
[[-4.4847741   2.3        -4.76617713]
 [-4.4847741   2.3        -4.5261769 ]
 [-2.1634324   2.3        -4.76617713]
 [-2.1634324   2.3        -4.5261769 ]]

构件 75:
文件路径: /home/zt/project/scan2floorplan/data/raw/BIMNet/obj/train/1px/IFCWALLSTANDARDCASE-IFC#690-RVT#222376-CurvedFalse-el62.690_12EuPCouz3xfcXxGyLWs0N.obj
IFC类型: IFCWALLSTANDARDCASE
高度范围: (np.float64(-1.3203375e-07), np.float64(2.6799998))
切片交点:
[[-6.0458364   2.3        -3.0205803 ]
 [-6.0458364   2.3        -2.78058026]
 [-4.5547743   2.3        -3.0205803 ]
 [-4.5547743   2.3        -2.78058026]]

构件 76:
文件路径: /home/zt/project/scan2floorplan/data/raw/BIMNet/obj/train/1px/IFCWINDOW-IFC#5007-RVT#265469-CurvedFalse-el48.5007_2lo7UQjNT7gxOHha23Jaoo.obj
IFC类型: IFCWINDOW
高度范围: (np.float64(0.90000027), np.float64(2.3000004))
切片交点:
[[5.5792656 2.3000004 5.0271993]
 [5.5792656 2.3       5.1571994]
 [5.5792656 2.3000004 5.267199 ]
 [6.5292654 2.3000004 5.0271993]
 [6.5292654 2.3000004 5.1571994]
 [6.5292654 2.3       5.267199 ]]

构件 77:
文件路径: /home/zt/project/scan2floorplan/data/raw/BIMNet/obj/train/1px/IFCWALLSTANDARDCASE-IFC#6508-RVT#276420-CurvedFalse-el97.6508_2AJ6T3vZDDZRJL7l0pGef1.obj
IFC类型: IFCWALLSTANDARDCASE
高度范围: (np.float64(-3.1332672e-07), np.float64(2.6799998))
切片交点:
[[-3.3447738  2.3       -7.1680803]
 [-3.3447738  2.3       -7.0680804]
 [-3.1244323  2.3       -7.1680803]
 [-3.1244323  2.3       -7.0680804]
 [-2.4044323  2.3       -7.1680803]
 [-2.4044323  2.3       -7.0680804]
 [-2.3444324  2.3       -7.1680803]
 [-2.3444324  2.3       -7.0680804]]

构件 78:
文件路径: /home/zt/project/scan2floorplan/data/raw/BIMNet/obj/train/1px/IFCWINDOW-IFC#4116-RVT#253606-CurvedFalse-el38.4116_0TrfJ6849Bp9glS2DHClK1.obj
IFC类型: IFCWINDOW
高度范围: (np.float64(0.88851595), np.float64(2.3885159))
切片交点:
[[-6.314774    2.3         2.9031954 ]
 [-6.314774    2.3         2.93519521]
 [-6.314774    2.3         3.67119531]
 [-6.314774    2.3         3.7031953 ]
 [-6.1847739   2.3         2.92226951]
 [-6.1847739   2.3         2.9231954 ]
 [-6.1847739   2.3         2.93519521]
 [-6.1847739   2.3         3.67119531]
 [-6.1847739   2.3         3.6831954 ]
 [-6.1847739   2.3         3.68412129]
 [-6.17961173  2.3         2.9231954 ]
 [-6.17828273  2.3         2.9031954 ]
 [-6.1397738   2.3         2.9231954 ]
 [-6.1397738   2.3         2.9681954 ]
 [-6.1397738   2.3         3.6381953 ]
 [-6.1397738   2.3         3.6831954 ]
 [-6.1222739   2.3         2.9681954 ]
 [-6.1222739   2.3         3.6381953 ]
 [-6.1122742   2.3         2.9681954 ]
 [-6.1122742   2.3         3.6381953 ]
 [-6.0947742   2.3         2.9231954 ]
 [-6.0947742   2.3         2.9681954 ]
 [-6.0947742   2.3         3.6381953 ]
 [-6.0947742   2.3         3.6831954 ]
 [-6.08126497  2.3         3.7031953 ]
 [-6.0747738   2.3         2.9031954 ]
 [-6.0747738   2.3         2.9231954 ]
 [-6.0747738   2.3         3.6831954 ]
 [-6.0747738   2.3         3.68412129]
 [-6.0747738   2.3         3.7031953 ]]

构件 79:
文件路径: /home/zt/project/scan2floorplan/data/raw/BIMNet/obj/train/1px/IFCWALLSTANDARDCASE-IFC#808-RVT#223035-CurvedFalse-el64.808_2KwUpHYjb0EAZdiYz6^Cul.obj
IFC类型: IFCWALLSTANDARDCASE
高度范围: (np.float64(-2.1384366e-07), np.float64(2.6799998))
切片交点:
[[-2.1634321  2.3       -4.8921733]
 [-2.1634321  2.3       -3.7655389]
 [-2.1634321  2.3       -3.0455389]
 [-2.1634321  2.3       -2.8455389]
 [-2.0794322  2.3       -4.8921733]
 [-2.0794322  2.3       -3.7655389]
 [-2.0794322  2.3       -3.0455389]
 [-2.0794322  2.3       -2.8455389]]

构件 80:
文件路径: /home/zt/project/scan2floorplan/data/raw/BIMNet/obj/train/1px/IFCWALLSTANDARDCASE-IFC#1794-RVT#228957-CurvedFalse-el85.1794_2KwUpHYjb0EAZdiYz6^CPo.obj
IFC类型: IFCWALLSTANDARDCASE
高度范围: (np.float64(3.4819863e-07), np.float64(2.6800003))
切片交点:
[[-7.9858212   2.3         7.9658566 ]
 [-7.9858212   2.3         8.0758562 ]
 [-6.8976297   2.3         7.9658566 ]
 [-6.8976297   2.3         8.0758562 ]
 [-6.2776299   2.3         7.9658566 ]
 [-6.2776299   2.3         8.0758562 ]
 [-6.22979943  2.3         7.9658566 ]
 [-5.1297021   2.3         7.9658566 ]
 [-5.1297021   2.3         8.0758562 ]
 [-4.5097017   2.3         7.9658566 ]
 [-4.5097017   2.3         8.0758562 ]
 [-4.2019286   2.3         7.9658566 ]
 [-4.2019286   2.3         8.0758562 ]]

构件 82:
文件路径: /home/zt/project/scan2floorplan/data/raw/BIMNet/obj/train/1px/IFCDOOR-IFC#5719-RVT#272377-CurvedFalse-el10.5719_2hzYH0z2T6GRsEFkuKJQRO.obj
IFC类型: IFCDOOR
高度范围: (np.float64(3.2166585e-07), np.float64(2.4760003))
切片交点:
[[-3.9752595   2.3         7.3588572 ]
 [-3.9752595   2.3         7.3838573 ]
 [-3.9752595   2.3         7.5038571 ]
 [-3.9752595   2.3         7.5288572 ]
 [-3.90242627  2.3         7.3838573 ]
 [-3.90242627  2.3         7.3588572 ]
 [-3.8992596   2.3         7.3588572 ]
 [-3.8992596   2.3         7.3838573 ]
 [-3.8992596   2.3         7.452857  ]
 [-3.8992596   2.3         7.5288572 ]
 [-3.2792594   2.3         7.3588572 ]
 [-3.2792594   2.3         7.3838573 ]
 [-3.2792594   2.3         7.452857  ]
 [-3.2792594   2.3         7.5288572 ]
 [-3.27609273  2.3         7.5038571 ]
 [-3.27609273  2.3         7.5288572 ]
 [-3.2032595   2.3         7.3588572 ]
 [-3.2032595   2.3         7.3838573 ]
 [-3.2032595   2.3         7.5038571 ]
 [-3.2032595   2.3         7.5288572 ]]

构件 83:
文件路径: /home/zt/project/scan2floorplan/data/raw/BIMNet/obj/train/1px/IFCCOLUMN-IFC#2316-RVT#232342-CurvedFalse-el1.2316_34yYvUt3vBkODS3huAEdbW.obj
IFC类型: IFCCOLUMN
高度范围: (np.float64(-3.2980671e-07), np.float64(2.6799998))
切片交点:
[[-2.3444324  2.3       -7.5450978]
 [-2.3444324  2.3       -7.0050979]
 [-2.1634321  2.3       -7.207716 ]
 [-2.1634321  2.3       -7.0050979]
 [-2.0794322  2.3       -7.207716 ]
 [-2.0794322  2.3       -7.0200982]
 [-1.8044323  2.3       -7.5450978]
 [-1.8044323  2.3       -7.0200982]]

构件 85:
文件路径: /home/zt/project/scan2floorplan/data/raw/BIMNet/obj/train/1px/IFCWINDOW-IFC#4084-RVT#253478-CurvedFalse-el37.4084_0TrfJ6849Bp9glS2DHClK1.obj
IFC类型: IFCWINDOW
高度范围: (np.float64(0.87269795), np.float64(2.3726981))
切片交点:
[[-6.314774    2.3         1.9631953 ]
 [-6.314774    2.3         1.9951954 ]
 [-6.314774    2.3         2.7311954 ]
 [-6.314774    2.3         2.7631955 ]
 [-6.1847739   2.3         1.98248327]
 [-6.1847739   2.3         1.9831954 ]
 [-6.1847739   2.3         1.9951954 ]
 [-6.1847739   2.3         2.7311954 ]
 [-6.1847739   2.3         2.7431955 ]
 [-6.1847739   2.3         2.74390763]
 [-6.18080351  2.3         1.9831954 ]
 [-6.1794427   2.3         1.9631953 ]
 [-6.1397738   2.3         1.9831954 ]
 [-6.1397738   2.3         2.0281954 ]
 [-6.1397738   2.3         2.6981955 ]
 [-6.1397738   2.3         2.7431955 ]
 [-6.1222739   2.3         2.0281954 ]
 [-6.1222739   2.3         2.6981955 ]
 [-6.1122742   2.3         2.0281954 ]
 [-6.1122742   2.3         2.6981955 ]
 [-6.0947742   2.3         1.9831954 ]
 [-6.0947742   2.3         2.0281954 ]
 [-6.0947742   2.3         2.6981955 ]
 [-6.0947742   2.3         2.7431955 ]
 [-6.080105    2.3         2.7631955 ]
 [-6.0747738   2.3         1.9631953 ]
 [-6.0747738   2.3         1.9831954 ]
 [-6.0747738   2.3         2.7431955 ]
 [-6.0747738   2.3         2.74390763]
 [-6.0747738   2.3         2.7631955 ]]

构件 86:
文件路径: /home/zt/project/scan2floorplan/data/raw/BIMNet/obj/train/1px/IFCWINDOW-IFC#3431-RVT#247729-CurvedFalse-el33.3431_0TrfJ6849Bp9glS2DHCkAa.obj
IFC类型: IFCWINDOW
高度范围: (np.float64(1.1990609), np.float64(2.399061))
切片交点:
[[-6.2858362   2.3        -6.2921896 ]
 [-6.2858362   2.3        -6.2601895 ]
 [-6.2858362   2.3        -5.7241898 ]
 [-6.2858362   2.3        -5.7223525 ]
 [-6.2858362   2.3        -5.6921897 ]
 [-6.1088362   2.3        -6.29059589]
 [-6.1088362   2.3        -6.2601895 ]
 [-6.1088362   2.3        -6.22918988]
 [-6.1088362   2.3        -5.75518988]
 [-6.1088362   2.3        -5.7241898 ]
 [-6.1088362   2.3        -5.7223525 ]
 [-6.1088362   2.3        -5.7111897 ]
 [-6.1088362   2.3        -5.70990167]
 [-6.0928364   2.3        -6.22918988]
 [-6.0928364   2.3        -5.75518988]
 [-6.0808363   2.3        -6.22918988]
 [-6.0808363   2.3        -5.75518988]
 [-6.064836    2.3        -6.2731895 ]
 [-6.064836    2.3        -6.22918988]
 [-6.064836    2.3        -5.75518988]
 [-6.064836    2.3        -5.7111897 ]
 [-6.0458364   2.3        -6.2921896 ]
 [-6.0458364   2.3        -6.2731895 ]
 [-6.0458364   2.3        -5.7111897 ]
 [-6.0458364   2.3        -5.6921897 ]]

构件 87:
文件路径: /home/zt/project/scan2floorplan/data/raw/BIMNet/obj/train/1px/IFCCOLUMN-IFC#2373-RVT#232670-CurvedFalse-el2.2373_34yYvUt3vBkODS3huAEdue.obj
IFC类型: IFCCOLUMN
高度范围: (np.float64(-1.3020752e-07), np.float64(2.6800001))
切片交点:
[[-0.35482097  2.3        -2.978801  ]
 [-0.35482097  2.3        -2.6488008 ]
 [-0.00482095  2.3        -2.978801  ]
 [-0.00482095  2.3        -2.6488008 ]]

构件 88:
文件路径: /home/zt/project/scan2floorplan/data/raw/BIMNet/obj/train/1px/IFCWALLSTANDARDCASE-IFC#747-RVT#222679-CurvedFalse-el63.747_2KwUpHYjb0EAZdiYz6^Csj.obj
IFC类型: IFCWALLSTANDARDCASE
高度范围: (np.float64(-2.1406295e-07), np.float64(2.6799998))
切片交点:
[[-4.624774    2.3        -4.8971896 ]
 [-4.624774    2.3        -3.945539  ]
 [-4.624774    2.3        -3.225539  ]
 [-4.624774    2.3        -3.0205803 ]
 [-4.5547743   2.3        -3.0205803 ]
 [-4.5547743   2.3        -2.8455389 ]
 [-4.4847741   2.3        -4.8971896 ]
 [-4.4847741   2.3        -4.69904532]
 [-4.4847741   2.3        -3.945539  ]
 [-4.4847741   2.3        -3.225539  ]
 [-4.4847741   2.3        -2.8455389 ]]

构件 89:
文件路径: /home/zt/project/scan2floorplan/data/raw/BIMNet/obj/train/1px/IFCCOLUMN-IFC#2642-RVT#234464-CurvedFalse-el6.2642_34yYvUt3vBkODS3huAEc4M.obj
IFC类型: IFCCOLUMN
高度范围: (np.float64(3.1445347e-07), np.float64(2.6800003))
切片交点:
[[-0.43921712  2.3         7.1938572 ]
 [-0.43921712  2.3         7.3838573 ]
 [-0.40892425  2.3         7.1938572 ]
 [-0.40892425  2.3         7.1971993 ]
 [-0.25421709  2.3         7.3838573 ]
 [-0.25421709  2.3         7.5438571 ]
 [-0.05892423  2.3         7.1938572 ]
 [-0.05892423  2.3         7.1971993 ]
 [-0.03921709  2.3         7.1938572 ]
 [-0.03921709  2.3         7.5438571 ]]

构件 90:
文件路径: /home/zt/project/scan2floorplan/data/raw/BIMNet/obj/train/1px/IFCWALLSTANDARDCASE-IFC#436-RVT#219386-CurvedFalse-el57.436_12EuPCouz3xfcXxGyLWs0N.obj
IFC类型: IFCWALLSTANDARDCASE
高度范围: (np.float64(-1.2662336e-07), np.float64(2.6799998))
切片交点:
[[ 3.2692649   2.3        -2.89680497]
 [ 3.2692649   2.3        -2.656805  ]
 [ 5.270493    2.3        -2.89680497]
 [ 5.270493    2.3        -2.656805  ]]

构件 91:
文件路径: /home/zt/project/scan2floorplan/data/raw/BIMNet/obj/train/1px/IFCWINDOW-IFC#4726-RVT#261051-CurvedFalse-el44.4726_0TrfJ6849Bp9glS2DHCj^1.obj
IFC类型: IFCWINDOW
高度范围: (np.float64(1.027391), np.float64(2.4273911))
切片交点:
[[-2.519217    2.3        11.812402  ]
 [-2.519217    2.3        12.052402  ]
 [-2.50077339  2.3        11.922401  ]
 [-2.499217    2.3        11.812402  ]
 [-2.499217    2.3        11.832401  ]
 [-2.499217    2.3        11.877401  ]
 [-2.499217    2.3        11.922401  ]
 [-2.4872169   2.3        11.922401  ]
 [-2.4872169   2.3        12.052402  ]
 [-2.45848711  2.3        11.832401  ]
 [-2.454217    2.3        11.832401  ]
 [-2.454217    2.3        11.849901  ]
 [-2.454217    2.3        11.859901  ]
 [-2.454217    2.3        11.877401  ]
 [-1.934217    2.3        11.832401  ]
 [-1.934217    2.3        11.849901  ]
 [-1.934217    2.3        11.859901  ]
 [-1.934217    2.3        11.877401  ]
 [-1.901217    2.3        11.922401  ]
 [-1.901217    2.3        12.052402  ]
 [-1.8892169   2.3        11.812402  ]
 [-1.8892169   2.3        11.832401  ]
 [-1.8892169   2.3        11.877401  ]
 [-1.8892169   2.3        11.91371504]
 [-1.8892169   2.3        11.922401  ]
 [-1.8692169   2.3        11.812402  ]
 [-1.8692169   2.3        11.922401  ]
 [-1.8692169   2.3        12.052402  ]]

构件 92:
文件路径: /home/zt/project/scan2floorplan/data/raw/BIMNet/obj/train/1px/IFCWALLSTANDARDCASE-IFC#1354-RVT#226940-CurvedFalse-el75.1354_12EuPCouz3xfcXxGyLWs0N.obj
IFC类型: IFCWALLSTANDARDCASE
高度范围: (np.float64(3.5108783e-08), np.float64(2.6800003))
切片交点:
[[-6.314774    2.3         0.80319532]
 [-6.314774    2.3         1.9631953 ]
 [-6.314774    2.3         2.7631955 ]
 [-6.314774    2.3         2.9031954 ]
 [-6.314774    2.3         3.7031956 ]
 [-6.314774    2.3         4.4071994 ]
 [-6.0747743   2.3         0.80319532]
 [-6.0747743   2.3         1.9631953 ]
 [-6.0747743   2.3         2.7631955 ]
 [-6.0747743   2.3         2.77005298]
 [-6.0747743   2.3         2.9031954 ]
 [-6.0747743   2.3         3.7031956 ]
 [-6.0747743   2.3         4.4071994 ]]

构件 93:
文件路径: /home/zt/project/scan2floorplan/data/raw/BIMNet/obj/train/1px/IFCDOOR-IFC#6632-RVT#277597-CurvedFalse-el19.6632_2AJ6T3vZDDZRJL7kKpGlC6.obj
IFC类型: IFCDOOR
高度范围: (np.float64(-3.079065e-07), np.float64(2.3759999))
切片交点:
[[-3.4537737   2.3        -7.0440807 ]
 [-3.4537737   2.3        -6.9680805 ]
 [-3.4537737   2.3        -6.3680806 ]
 [-3.4537737   2.3        -6.29208088]
 [-3.4287739   2.3        -7.0440807 ]
 [-3.4287739   2.3        -6.9680805 ]
 [-3.4287739   2.3        -6.3680806 ]
 [-3.4287739   2.3        -6.29208088]
 [-3.3777738   2.3        -6.9680805 ]
 [-3.3777738   2.3        -6.3680806 ]
 [-3.3447738   2.3        -7.0440807 ]
 [-3.3447738   2.3        -6.9680805 ]
 [-3.3447738   2.3        -6.3680806 ]
 [-3.3447738   2.3        -6.29208088]
 [-3.3197737   2.3        -7.0440807 ]
 [-3.3197737   2.3        -6.9680805 ]
 [-3.3197737   2.3        -6.3680806 ]
 [-3.3197737   2.3        -6.29208088]]

构件 94:
文件路径: /home/zt/project/scan2floorplan/data/raw/BIMNet/obj/train/1px/IFCWINDOW-IFC#6979-RVT#278986-CurvedFalse-el52.6979_2AJ6T3vZDDZRJL7kKpGl5z.obj
IFC类型: IFCWINDOW
高度范围: (np.float64(1.1981581), np.float64(2.3981581))
切片交点:
[[-6.2858362   2.3        -4.5771894 ]
 [-6.2858362   2.3        -4.5451894 ]
 [-6.2858362   2.3        -4.0491896 ]
 [-6.2858362   2.3        -4.0171895 ]
 [-6.1088362   2.3        -4.57561023]
 [-6.1088362   2.3        -4.5451894 ]
 [-6.1088362   2.3        -4.51418968]
 [-6.1088362   2.3        -4.08018968]
 [-6.1088362   2.3        -4.0491896 ]
 [-6.1088362   2.3        -4.04737704]
 [-6.1088362   2.3        -4.0361896 ]
 [-6.1088362   2.3        -4.03491609]
 [-6.0928364   2.3        -4.51418968]
 [-6.0928364   2.3        -4.08018968]
 [-6.0808363   2.3        -4.51418968]
 [-6.0808363   2.3        -4.08018968]
 [-6.064836    2.3        -4.5581894 ]
 [-6.064836    2.3        -4.51418968]
 [-6.064836    2.3        -4.08018968]
 [-6.064836    2.3        -4.0361896 ]
 [-6.0458364   2.3        -4.5771894 ]
 [-6.0458364   2.3        -4.5581894 ]
 [-6.0458364   2.3        -4.0361896 ]
 [-6.0458364   2.3        -4.0171895 ]]

构件 97:
文件路径: /home/zt/project/scan2floorplan/data/raw/BIMNet/obj/train/1px/IFCWALLSTANDARDCASE-IFC#896-RVT#223519-CurvedFalse-el66.896_2KwUpHYjb0EAZdiYz6^CPo.obj
IFC类型: IFCWALLSTANDARDCASE
高度范围: (np.float64(-2.1865192e-07), np.float64(2.6799998))
切片交点:
[[-3.8918211   2.3        -5.00217333]
 [-3.8918211   2.3        -4.8921733 ]
 [-2.0794322   2.3        -5.00217333]
 [-2.0794322   2.3        -4.8921733 ]]

构件 99:
文件路径: /home/zt/project/scan2floorplan/data/raw/BIMNet/obj/train/1px/IFCWALLSTANDARDCASE-IFC#2031-RVT#230439-CurvedFalse-el90.2031_2KwUpHYjb0EAZdiYz6^Csj.obj
IFC类型: IFCWALLSTANDARDCASE
高度范围: (np.float64(3.2800401e-07), np.float64(2.6800003))
切片交点:
[[-3.1115899  2.3        7.5038571]
 [-3.1115899  2.3        8.1958561]
 [-2.97159    2.3        7.5038571]
 [-2.97159    2.3        8.1958561]]


共有 80 个构件在高度 2.3 处有切片交点